-0.192944 -0.047241 1.000000
-0.188793 -0.036522 1.000000
-0.184174 -0.037436 1.000000
-0.183984 -0.029470 1.000000
-0.168418 -0.061055 1.000000
-0.179182 -0.000361 1.000000
-0.169543 -0.039609 1.000000
-0.173669 -0.011086 1.000000
-0.161507 -0.054484 1.000000
-0.171071 -0.017595 1.000000
-0.163819 -0.038996 1.000000
-0.166180 -0.004807 1.000000
-0.165936 -0.001509 1.000000
-0.158121 -0.035367 1.000000
-0.161814 -0.029689 1.000000
-0.161273 -0.014803 1.000000
-0.155889 -0.038042 1.000000
-0.158992 -0.014459 1.000000
-0.099366 -0.014872 1.000000
-0.151492 -0.039536 1.000000
-0.092034 -0.020635 1.000000
-0.151496 -0.003434 1.000000
-0.148117 -0.037724 1.000000
-0.148843 -0.034157 1.000000
-0.149071 -0.010608 1.000000
-0.095336 -0.013063 1.000000
-0.142446 0.016196 1.000000
-0.100749 -0.009870 1.000000
-0.146204 -0.028347 1.000000
-0.146497 -0.026396 1.000000
-0.146174 -0.004608 1.000000
-0.101193 -0.014398 1.000000
-0.141796 -0.033935 1.000000
-0.144733 -0.000535 1.000000
-0.144946 -0.017332 1.000000
-0.143474 -0.012346 1.000000
-0.139535 -0.031526 1.000000
-0.135101 -0.027967 1.000000
-0.140112 0.002842 1.000000
-0.136001 -0.031330 1.000000
-0.139912 0.000414 1.000000
-0.140787 -0.005993 1.000000
-0.138004 -0.027216 1.000000
-0.136351 -0.030240 1.000000
-0.124984 -0.035287 1.000000
-0.137980 -0.021531 1.000000
-0.134481 -0.025274 1.000000
-0.137221 -0.014952 1.000000
-0.134497 -0.011861 1.000000
-0.131274 -0.034240 1.000000
-0.131707 -0.029095 1.000000
-0.101676 -0.019621 1.000000
-0.135029 -0.003916 1.000000
-0.135414 -0.011683 1.000000
-0.130188 -0.028019 1.000000
-0.117105 -0.046854 1.000000
-0.130447 -0.025784 1.000000
-0.130423 -0.023904 1.000000
-0.132213 -0.017038 1.000000
-0.132911 -0.009995 1.000000
-0.126703 -0.020338 1.000000
-0.105601 -0.010384 1.000000
-0.127714 0.005515 1.000000
-0.130931 -0.004822 1.000000
-0.104637 -0.012286 1.000000
-0.130351 -0.012000 1.000000
-0.124605 -0.023712 1.000000
-0.128720 -0.024023 1.000000
-0.127685 -0.018765 1.000000
-0.105205 -0.007417 1.000000
-0.123293 -0.023169 1.000000
-0.126600 -0.027489 1.000000
-0.129330 -0.016369 1.000000
-0.123861 -0.031646 1.000000
-0.106134 -0.014710 1.000000
-0.106824 -0.009008 1.000000
-0.127696 -0.020038 1.000000
-0.122412 -0.022067 1.000000
-0.116230 -0.038166 1.000000
-0.119188 -0.034746 1.000000
-0.106670 -0.015957 1.000000
-0.121536 -0.031068 1.000000
-0.123390 -0.018054 1.000000
-0.124550 -0.021538 1.000000
-0.110971 -0.025257 1.000000
-0.110160 -0.028074 1.000000
-0.125606 -0.020859 1.000000
-0.122706 -0.018753 1.000000
-0.123265 -0.025651 1.000000
-0.122250 -0.027585 1.000000
-0.119275 -0.032448 1.000000
-0.098914 0.000327 1.000000
-0.110047 -0.040365 1.000000
-0.125783 -0.010700 1.000000
-0.124812 -0.016041 1.000000
-0.107412 -0.015307 1.000000
-0.123885 -0.004087 1.000000
-0.119183 -0.030527 1.000000
-0.120023 -0.029633 1.000000
-0.123240 -0.022558 1.000000
-0.124030 -0.015946 1.000000
-0.122252 -0.018037 1.000000
-0.124170 -0.015539 1.000000
-0.108677 -0.017172 1.000000
-0.122586 -0.020788 1.000000
-0.124428 -0.013133 1.000000
-0.123247 -0.008496 1.000000
-0.121427 -0.024763 1.000000
-0.120144 -0.026575 1.000000
-0.123981 -0.012020 1.000000
-0.108347 -0.012980 1.000000
-0.109514 -0.008771 1.000000
-0.122438 -0.020888 1.000000
-0.117206 -0.026606 1.000000
-0.119887 -0.018536 1.000000
-0.122170 -0.007593 1.000000
-0.114561 -0.034076 1.000000
-0.112404 -0.033270 1.000000
-0.108894 -0.011065 1.000000
-0.109395 -0.005394 1.000000
-0.122220 -0.009261 1.000000
-0.121711 -0.021399 1.000000
-0.120839 -0.023172 1.000000
-0.118046 -0.027643 1.000000
-0.121024 -0.009998 1.000000
-0.106473 -0.024708 1.000000
-0.121852 -0.019085 1.000000
-0.121958 -0.016429 1.000000
-0.119983 -0.024497 1.000000
-0.116477 -0.022088 1.000000
-0.120274 -0.023785 1.000000
-0.118707 -0.021927 1.000000
-0.117583 -0.002910 1.000000
-0.119601 -0.017349 1.000000
-0.118263 -0.024090 1.000000
-0.108560 -0.003814 1.000000
-0.110940 -0.017535 1.000000
-0.111893 -0.010920 1.000000
-0.109661 -0.019287 1.000000
-0.118619 -0.016446 1.000000
-0.120134 -0.022777 1.000000
-0.119402 -0.024492 1.000000
-0.111508 -0.017745 1.000000
-0.110268 -0.017001 1.000000
-0.119737 -0.021038 1.000000
-0.118443 -0.024386 1.000000
-0.107195 0.002339 1.000000
-0.117531 -0.024984 1.000000
-0.120231 -0.021244 1.000000
-0.111170 -0.019852 1.000000
-0.121044 -0.010190 1.000000
-0.117709 -0.016099 1.000000
-0.121610 -0.013085 1.000000
-0.119364 -0.006856 1.000000
-0.119479 -0.013329 1.000000
-0.117189 -0.026056 1.000000
-0.118480 -0.020691 1.000000
-0.110154 -0.022645 1.000000
-0.118554 -0.022013 1.000000
-0.119924 -0.021274 1.000000
-0.119032 -0.015692 1.000000
-0.120841 -0.010850 1.000000
-0.109589 -0.024545 1.000000
-0.116277 -0.024522 1.000000
-0.107322 -0.023544 1.000000
-0.117498 -0.026385 1.000000
-0.119360 -0.013729 1.000000
-0.113710 -0.014575 1.000000
-0.108889 -0.006970 1.000000
-0.112808 -0.018537 1.000000
-0.119781 -0.015835 1.000000
-0.113855 -0.014921 1.000000
-0.113728 -0.014430 1.000000
-0.108067 -0.026387 1.000000
-0.113924 -0.030841 1.000000
-0.112295 -0.021092 1.000000
-0.109620 -0.025700 1.000000
-0.119148 -0.021797 1.000000
-0.112520 -0.019353 1.000000
-0.120909 -0.010859 1.000000
-0.111859 -0.016041 1.000000
-0.111082 -0.023721 1.000000
-0.114547 -0.013520 1.000000
-0.115507 -0.019552 1.000000
-0.109956 -0.025885 1.000000
-0.112149 -0.022454 1.000000
-0.114109 -0.016346 1.000000
-0.110465 -0.025146 1.000000
-0.111406 -0.021417 1.000000
-0.112630 -0.021922 1.000000
-0.113324 -0.018588 1.000000
-0.114395 -0.017080 1.000000
-0.112707 -0.021298 1.000000
-0.113483 -0.019750 1.000000
-0.115669 -0.023429 1.000000
-0.113733 -0.015525 1.000000
-0.113636 -0.019646 1.000000
-0.115237 -0.012958 1.000000
-0.116870 -0.007365 1.000000
-0.114824 -0.009242 1.000000
-0.114468 -0.025849 1.000000
-0.113776 -0.020518 1.000000
-0.113893 -0.020317 1.000000
-0.119265 -0.019770 1.000000
-0.107211 -0.033495 1.000000
-0.116179 -0.023198 1.000000
-0.114273 -0.019317 1.000000
-0.118833 -0.013332 1.000000
-0.113961 -0.028945 1.000000
-0.116043 -0.026680 1.000000
-0.111681 -0.024417 1.000000
-0.116167 -0.026541 1.000000
-0.112464 -0.024223 1.000000
-0.111620 -0.025577 1.000000
-0.108438 -0.029727 1.000000
-0.117106 -0.023982 1.000000
-0.115360 -0.017413 1.000000
-0.109232 -0.028118 1.000000
-0.112822 -0.029440 1.000000
-0.113510 -0.022231 1.000000
-0.114756 -0.019579 1.000000
-0.105669 0.012932 1.000000
-0.117305 -0.023803 1.000000
-0.114853 -0.019257 1.000000
-0.119570 -0.013009 1.000000
-0.116108 -0.014922 1.000000
-0.114838 -0.019862 1.000000
-0.118090 -0.020621 1.000000
-0.117252 -0.012633 1.000000
-0.114414 -0.012618 1.000000
-0.114262 -0.020513 1.000000
-0.112249 -0.025690 1.000000
-0.115085 -0.019028 1.000000
-0.114084 -0.022785 1.000000
-0.111457 -0.025023 1.000000
-0.116584 -0.011228 1.000000
-0.118320 -0.019870 1.000000
-0.113240 -0.022917 1.000000
-0.115479 -0.010030 1.000000
-0.117421 -0.022919 1.000000
-0.117314 -0.020175 1.000000
-0.111915 -0.026931 1.000000
-0.115571 -0.026211 1.000000
-0.104671 0.001561 1.000000
-0.113257 -0.024588 1.000000
-0.113329 -0.024978 1.000000
-0.118286 -0.019616 1.000000
-0.112286 -0.026064 1.000000
-0.117361 -0.010758 1.000000
-0.114984 -0.022106 1.000000
-0.113286 -0.017469 1.000000
-0.116427 -0.015066 1.000000
-0.113274 -0.024640 1.000000
-0.111983 -0.024779 1.000000
-0.115370 -0.021630 1.000000
-0.118473 -0.011392 1.000000
-0.115002 0.003455 1.000000
-0.115296 -0.019168 1.000000
-0.112490 -0.005332 1.000000
-0.115833 -0.020351 1.000000
-0.114198 -0.020378 1.000000
-0.115775 -0.019635 1.000000
-0.116198 -0.017374 1.000000
-0.118169 -0.020255 1.000000
-0.112111 -0.019102 1.000000
-0.116179 -0.019065 1.000000
-0.112424 -0.030023 1.000000
-0.118366 -0.018101 1.000000
-0.117837 -0.020377 1.000000
-0.115763 -0.020940 1.000000
-0.116852 -0.022047 1.000000
-0.116855 -0.023347 1.000000
-0.113368 -0.026420 1.000000
-0.110792 -0.019755 1.000000
-0.115739 -0.021978 1.000000
-0.111547 -0.026540 1.000000
-0.113525 -0.020430 1.000000
-0.114771 -0.023287 1.000000
-0.113272 -0.020597 1.000000
-0.114324 -0.025420 1.000000
-0.117705 -0.015956 1.000000
-0.116949 -0.017416 1.000000
-0.109137 -0.030024 1.000000
-0.116318 -0.021343 1.000000
-0.113302 -0.011805 1.000000
-0.117258 -0.021912 1.000000
-0.115777 -0.024114 1.000000
-0.115422 -0.025286 1.000000
-0.113205 -0.025401 1.000000
-0.113809 -0.026815 1.000000
-0.117446 -0.015878 1.000000
-0.115489 -0.019677 1.000000
-0.117171 -0.021942 1.000000
-0.117416 -0.019202 1.000000
-0.117456 -0.021181 1.000000
-0.116046 -0.022787 1.000000
-0.107875 -0.033149 1.000000
-0.117559 -0.016637 1.000000
-0.113855 -0.027788 1.000000
-0.116048 -0.023213 1.000000
-0.117070 -0.019982 1.000000
-0.116927 -0.019087 1.000000
-0.112559 -0.028560 1.000000
-0.114310 -0.025067 1.000000
-0.115305 0.000752 1.000000
-0.114632 -0.021151 1.000000
-0.116378 -0.023315 1.000000
