-0.091065 -0.011413 1.000000
0.360569 0.102153 1.000000
0.338040 0.049741 1.000000
0.319983 0.027905 1.000000
0.306488 0.010246 1.000000
0.293803 0.000874 1.000000
0.277643 0.052098 1.000000
0.271169 0.036731 1.000000
0.254743 0.079748 1.000000
0.254805 0.041783 1.000000
0.239952 0.076831 1.000000
0.229242 0.090992 1.000000
0.236052 0.034609 1.000000
0.229083 0.039739 1.000000
0.228013 0.007078 1.000000
0.220421 0.033038 1.000000
0.218467 -0.016162 1.000000
0.202523 0.073117 1.000000
0.198853 0.048086 1.000000
0.205530 -0.017437 1.000000
0.196277 0.045775 1.000000
0.194919 0.016327 1.000000
0.192464 0.010925 1.000000
0.174987 0.083370 1.000000
0.182437 0.034364 1.000000
0.179723 0.033013 1.000000
0.173964 0.047489 1.000000
0.174890 0.038558 1.000000
0.175336 0.014269 1.000000
0.173660 0.009098 1.000000
0.169942 0.021838 1.000000
0.169015 -0.015918 1.000000
0.166338 0.018095 1.000000
-0.310009 -0.142981 1.000000
0.162165 0.022242 1.000000
0.152665 0.046422 1.000000
-0.300713 -0.142830 1.000000
0.152804 0.036578 1.000000
0.153451 0.018432 1.000000
-0.317586 -0.081488 1.000000
0.151296 0.017204 1.000000
0.152622 0.008575 1.000000
0.148002 0.027383 1.000000
0.148619 0.015514 1.000000
0.148633 -0.011506 1.000000
-0.327979 -0.022346 1.000000
0.139810 0.043164 1.000000
-0.291245 -0.007114 1.000000
0.141289 0.009749 1.000000
0.138369 0.017606 1.000000
0.134548 0.042122 1.000000
-0.278182 -0.146229 1.000000
-0.316144 -0.030394 1.000000
0.136709 -0.006980 1.000000
-0.273203 -0.118108 1.000000
-0.307348 -0.046903 1.000000
0.133100 -0.004908 1.000000
0.131926 -0.002859 1.000000
-0.261234 -0.129156 1.000000
0.118501 0.052117 1.000000
-0.278161 -0.127765 1.000000
0.123805 0.024157 1.000000
0.124717 0.016654 1.000000
-0.305327 -0.022738 1.000000
0.124147 0.001295 1.000000
0.115271 0.042690 1.000000
0.115188 0.038754 1.000000
0.113055 0.041831 1.000000
-0.276363 -0.082320 1.000000
0.117191 0.013811 1.000000
0.114599 0.013634 1.000000
-0.289310 -0.062124 1.000000
-0.254467 -0.137083 1.000000
-0.275813 -0.010839 1.000000
0.109709 0.030908 1.000000
-0.273198 -0.094620 1.000000
0.111915 -0.000824 1.000000
0.111685 -0.003123 1.000000
-0.246667 -0.107328 1.000000
0.103448 0.038465 1.000000
0.085105 0.083046 1.000000
-0.275042 0.029827 1.000000
-0.280776 -0.065660 1.000000
-0.248453 -0.100971 1.000000
0.103310 0.017594 1.000000
0.092884 0.051841 1.000000
-0.259160 -0.099751 1.000000
-0.251983 -0.033550 1.000000
-0.279420 -0.042096 1.000000
-0.276469 0.013247 1.000000
0.096870 0.023705 1.000000
-0.253545 -0.104924 1.000000
0.097376 0.012971 1.000000
0.083859 0.050738 1.000000
0.095204 0.000119 1.000000
-0.268752 -0.069676 1.000000
-0.244132 -0.091911 1.000000
0.086627 0.042626 1.000000
-0.240478 -0.055934 1.000000
0.083850 0.044430 1.000000
0.088817 0.022375 1.000000
0.089951 0.008740 1.000000
0.072153 0.061521 1.000000
-0.247003 -0.080642 1.000000
-0.264193 -0.036806 1.000000
-0.231759 -0.124209 1.000000
0.074208 0.050594 1.000000
0.077051 0.047103 1.000000
0.064304 0.070341 1.000000
0.072406 0.055554 1.000000
-0.256523 -0.067626 1.000000
0.066918 0.058291 1.000000
-0.256364 0.046620 1.000000
0.073530 0.037138 1.000000
-0.212038 -0.136010 1.000000
-0.239747 -0.018289 1.000000
-0.235245 -0.083344 1.000000
-0.231880 -0.025361 1.000000
0.071433 0.037906 1.000000
-0.221666 -0.120367 1.000000
0.077605 -0.019116 1.000000
-0.234164 -0.090334 1.000000
0.073040 0.011030 1.000000
0.066600 0.042137 1.000000
-0.236296 -0.080389 1.000000
0.073764 -0.011420 1.000000
0.057353 0.060163 1.000000
-0.251337 -0.043147 1.000000
0.064159 0.041227 1.000000
-0.242943 -0.065751 1.000000
0.065543 0.029345 1.000000
0.055298 0.052137 1.000000
-0.238969 0.013224 1.000000
-0.232555 -0.087528 1.000000
0.064072 0.013671 1.000000
0.054639 0.037208 1.000000
-0.249089 -0.019440 1.000000
-0.218390 -0.102744 1.000000
-0.218840 -0.055690 1.000000
-0.242584 0.019453 1.000000
-0.223485 -0.032536 1.000000
-0.231486 -0.080467 1.000000
0.057022 0.033300 1.000000
-0.224159 -0.057820 1.000000
0.055063 0.034350 1.000000
0.061504 -0.005016 1.000000
0.054174 0.035321 1.000000
0.046438 0.054009 1.000000
-0.237487 0.013839 1.000000
0.048302 0.046871 1.000000
-0.211557 -0.072611 1.000000
0.058750 -0.006839 1.000000
-0.226403 -0.073260 1.000000
-0.217100 -0.087961 1.000000
-0.225882 -0.066277 1.000000
0.035635 0.060651 1.000000
-0.214574 -0.073434 1.000000
-0.210906 -0.065809 1.000000
-0.221498 -0.068359 1.000000
0.046472 0.023274 1.000000
0.039387 0.050143 1.000000
-0.228411 -0.057348 1.000000
0.050983 0.006311 1.000000
0.041058 0.043415 1.000000
-0.224734 -0.039022 1.000000
-0.224649 -0.011368 1.000000
-0.203153 -0.024783 1.000000
-0.231659 -0.016803 1.000000
-0.211058 -0.080980 1.000000
0.037036 0.044563 1.000000
-0.227140 -0.030629 1.000000
0.029973 0.047462 1.000000
-0.215250 -0.019425 1.000000
0.045701 0.003046 1.000000
-0.223882 -0.015313 1.000000
0.035632 0.031879 1.000000
-0.215614 -0.033185 1.000000
-0.207556 0.000602 1.000000
-0.220955 -0.034602 1.000000
-0.203596 0.059483 1.000000
-0.214098 -0.052527 1.000000
-0.182178 -0.109072 1.000000
0.039326 0.009183 1.000000
-0.213086 -0.063594 1.000000
0.039359 0.010035 1.000000
-0.217110 -0.049554 1.000000
-0.210139 -0.058296 1.000000
-0.216997 -0.046104 1.000000
-0.206938 -0.047114 1.000000
-0.208505 -0.046891 1.000000
0.026559 0.017112 1.000000
-0.206247 -0.068915 1.000000
0.033392 0.014251 1.000000
-0.213114 -0.030893 1.000000
0.027887 0.033498 1.000000
-0.213017 -0.041099 1.000000
-0.187968 -0.070072 1.000000
-0.212948 -0.041600 1.000000
-0.197073 -0.072636 1.000000
-0.184926 -0.084229 1.000000
-0.178614 -0.098461 1.000000
-0.189766 -0.084021 1.000000
0.024925 0.029450 1.000000
0.031320 0.000241 1.000000
-0.192253 -0.079988 1.000000
-0.208966 -0.026314 1.000000
-0.206355 0.016169 1.000000
-0.182643 -0.089514 1.000000
-0.197001 -0.044636 1.000000
-0.200257 -0.062740 1.000000
0.017091 0.038647 1.000000
-0.207925 -0.026768 1.000000
0.017288 0.033027 1.000000
0.023392 0.015668 1.000000
0.006910 0.037396 1.000000
-0.202270 -0.046259 1.000000
-0.174473 -0.092162 1.000000
-0.186875 -0.067190 1.000000
0.013381 0.038639 1.000000
-0.196578 0.004099 1.000000
-0.206075 -0.004595 1.000000
-0.198293 -0.051212 1.000000
0.015414 0.029933 1.000000
-0.194273 -0.056408 1.000000
-0.181534 -0.073201 1.000000
-0.186830 -0.014943 1.000000
-0.093307 -0.012741 1.000000
0.021076 -0.013577 1.000000
0.012834 0.028904 1.000000
-0.188900 -0.032738 1.000000
-0.180532 -0.041285 1.000000
-0.173528 -0.084930 1.000000
-0.196726 -0.031865 1.000000
0.008246 0.029751 1.000000
-0.187832 -0.048423 1.000000
0.015082 0.011609 1.000000
0.013982 0.009891 1.000000
-0.182558 -0.068988 1.000000
-0.195935 -0.022376 1.000000
0.011740 0.016870 1.000000
-0.178401 0.037318 1.000000
0.014230 -0.000465 1.000000
0.009177 0.020319 1.000000
-0.170052 -0.062261 1.000000
-0.088671 -0.013468 1.000000
0.007451 0.016632 1.000000
-0.169294 -0.069703 1.000000
-0.194540 -0.022148 1.000000
-0.188395 -0.035674 1.000000
-0.088344 -0.012891 1.000000
0.008671 0.002204 1.000000
-0.184773 -0.050620 1.000000
-0.175370 -0.040183 1.000000
-0.180204 0.028954 1.000000
-0.160819 -0.035628 1.000000
-0.185969 -0.045634 1.000000
-0.174367 -0.061084 1.000000
-0.176229 -0.009423 1.000000
-0.164920 -0.062877 1.000000
-0.161879 -0.046962 1.000000
-0.176300 -0.020715 1.000000
-0.171645 0.020586 1.000000
-0.186034 0.012467 1.000000
-0.187281 -0.005747 1.000000
-0.004497 0.028935 1.000000
-0.182151 -0.043649 1.000000
0.004358 -0.000523 1.000000
-0.170000 -0.020422 1.000000
-0.182482 0.001744 1.000000
-0.176963 -0.052378 1.000000
-0.178230 -0.049267 1.000000
-0.095043 -0.009716 1.000000
-0.002993 0.020422 1.000000
-0.087303 -0.014809 1.000000
-0.014241 0.040214 1.000000
-0.007973 0.018725 1.000000
-0.182801 -0.003446 1.000000
-0.168884 -0.003705 1.000000
-0.171138 -0.023739 1.000000
-0.152225 -0.047202 1.000000
-0.176062 -0.004932 1.000000
-0.167126 -0.060807 1.000000
-0.168522 -0.058125 1.000000
-0.149777 -0.080033 1.000000
-0.002149 -0.003017 1.000000
-0.003060 -0.019577 1.000000
-0.171520 -0.045560 1.000000
-0.012808 0.029101 1.000000
-0.171676 -0.047445 1.000000
-0.169324 0.015160 1.000000
-0.160512 -0.065081 1.000000
-0.016488 0.032910 1.000000
-0.093261 -0.008866 1.000000
-0.156121 -0.062574 1.000000
-0.159731 -0.025920 1.000000
-0.159901 -0.061386 1.000000
-0.011998 0.017675 1.000000
-0.169127 -0.012159 1.000000
-0.161231 -0.036837 1.000000
-0.158902 0.032651 1.000000
-0.008407 0.002001 1.000000
-0.088139 -0.010229 1.000000
-0.149847 -0.049258 1.000000
-0.011890 0.010344 1.000000
-0.095464 -0.011065 1.000000
-0.014855 0.018787 1.000000
-0.097460 -0.011191 1.000000
-0.167833 -0.024980 1.000000
-0.012735 0.002488 1.000000
-0.161066 -0.000422 1.000000
-0.154439 -0.041066 1.000000
-0.150154 -0.061485 1.000000
-0.028863 0.035251 1.000000
-0.159265 -0.027190 1.000000
-0.017577 0.015393 1.000000
-0.012303 -0.014537 1.000000
-0.018934 0.019262 1.000000
-0.093252 -0.018629 1.000000
-0.028725 0.030020 1.000000
-0.161436 -0.005089 1.000000
-0.153827 -0.033726 1.000000
-0.160755 -0.014246 1.000000
-0.164020 0.003072 1.000000
-0.141971 -0.068120 1.000000
-0.018257 0.008436 1.000000
-0.038056 0.042381 1.000000
-0.017392 0.000323 1.000000
-0.095680 -0.015428 1.000000
-0.020517 -0.008316 1.000000
-0.149071 -0.045205 1.000000
-0.019817 0.007624 1.000000
-0.152788 -0.044404 1.000000
-0.138536 -0.038504 1.000000
-0.148146 -0.052613 1.000000
-0.083415 -0.013353 1.000000
-0.155663 -0.040346 1.000000
-0.149593 -0.047894 1.000000
-0.155690 -0.026517 1.000000
-0.152077 0.024089 1.000000
-0.157226 -0.000304 1.000000
-0.145758 -0.040732 1.000000
-0.022740 0.007121 1.000000
-0.147407 -0.054814 1.000000
-0.157571 -0.013782 1.000000
-0.154480 -0.016468 1.000000
-0.158681 0.005957 1.000000
-0.027137 0.011567 1.000000
-0.138304 -0.024648 1.000000
-0.035012 0.028389 1.000000
-0.024060 -0.005118 1.000000
-0.024337 0.002952 1.000000
-0.153331 0.016660 1.000000
-0.146175 -0.051743 1.000000
-0.086725 -0.013810 1.000000
-0.032850 0.009321 1.000000
-0.084253 -0.008886 1.000000
-0.025877 0.000287 1.000000
-0.083495 -0.008092 1.000000
-0.100114 -0.010935 1.000000
-0.025644 -0.006320 1.000000
-0.149669 0.015647 1.000000
-0.147852 -0.042090 1.000000
-0.028899 0.003130 1.000000
-0.100533 -0.012248 1.000000
-0.085520 -0.010444 1.000000
-0.028991 0.005214 1.000000
-0.148660 -0.017840 1.000000
-0.090102 -0.007167 1.000000
-0.150280 0.008286 1.000000
-0.146749 0.008447 1.000000
-0.092352 -0.003202 1.000000
-0.153079 -0.001354 1.000000
-0.039437 0.022136 1.000000
-0.138985 0.020084 1.000000
-0.138141 -0.052138 1.000000
-0.139451 -0.049985 1.000000
-0.133117 -0.051213 1.000000
-0.146449 0.014733 1.000000
-0.120057 -0.065861 1.000000
-0.034724 0.011293 1.000000
-0.038295 0.013071 1.000000
-0.037132 0.009084 1.000000
-0.098024 -0.014525 1.000000
-0.093153 -0.021652 1.000000
-0.148901 -0.016285 1.000000
-0.129478 -0.053394 1.000000
-0.142703 0.014493 1.000000
-0.097094 -0.016461 1.000000
-0.139274 0.018636 1.000000
-0.036062 0.008345 1.000000
-0.092784 -0.001392 1.000000
-0.086519 -0.017091 1.000000
-0.092279 -0.021156 1.000000
-0.140342 -0.032685 1.000000
-0.043745 0.020731 1.000000
-0.142319 -0.009596 1.000000
-0.138355 0.015504 1.000000
-0.128999 0.010367 1.000000
-0.101670 -0.013522 1.000000
-0.089725 -0.013248 1.000000
-0.135575 0.019584 1.000000
-0.093238 -0.001541 1.000000
-0.038907 0.000151 1.000000
-0.135651 -0.045202 1.000000
-0.137164 0.017423 1.000000
-0.088152 -0.011631 1.000000
-0.047761 0.021353 1.000000
-0.098531 -0.020137 1.000000
-0.132333 -0.039976 1.000000
-0.133436 -0.034855 1.000000
-0.043494 0.011851 1.000000
-0.141131 0.005030 1.000000
-0.039134 0.000702 1.000000
-0.129394 -0.041989 1.000000
-0.109916 -0.051114 1.000000
-0.131273 0.003572 1.000000
-0.118077 -0.012331 1.000000
-0.118831 0.007964 1.000000
-0.043926 0.010819 1.000000
-0.042713 0.007459 1.000000
-0.129520 0.021498 1.000000
-0.131447 -0.029602 1.000000
-0.131983 -0.010811 1.000000
-0.050990 0.001380 1.000000
-0.132902 -0.041776 1.000000
-0.042092 0.000670 1.000000
-0.094588 -0.000766 1.000000
-0.134051 -0.015818 1.000000
-0.126681 0.003428 1.000000
-0.043741 0.003525 1.000000
-0.046449 0.007849 1.000000
-0.043833 0.002849 1.000000
-0.132163 -0.012216 1.000000
-0.127389 -0.043744 1.000000
-0.123970 -0.048736 1.000000
-0.053618 0.018813 1.000000
-0.133742 -0.014745 1.000000
-0.138307 -0.024344 1.000000
-0.126686 0.016208 1.000000
-0.083694 -0.020188 1.000000
-0.126089 -0.042791 1.000000
-0.085480 -0.021738 1.000000
-0.080132 -0.016085 1.000000
-0.126654 -0.030519 1.000000
-0.066470 0.028779 1.000000
-0.046040 0.002407 1.000000
-0.135404 -0.001201 1.000000
-0.129660 -0.024684 1.000000
-0.130384 -0.037575 1.000000
-0.079992 -0.008959 1.000000
-0.092289 -0.000626 1.000000
-0.052294 0.008352 1.000000
-0.083632 -0.003139 1.000000
-0.129942 -0.036979 1.000000
-0.047215 0.001222 1.000000
-0.121464 -0.044197 1.000000
-0.098196 -0.002294 1.000000
-0.085124 -0.007936 1.000000
-0.132765 -0.013186 1.000000
-0.053361 0.013001 1.000000
-0.133470 0.000722 1.000000
-0.101836 -0.007523 1.000000
-0.046915 -0.008723 1.000000
-0.058237 0.018281 1.000000
-0.078860 -0.009958 1.000000
-0.101513 -0.003850 1.000000
-0.082727 -0.005991 1.000000
-0.127785 -0.033208 1.000000
-0.064051 0.022185 1.000000
-0.092177 0.001770 1.000000
-0.048101 -0.005575 1.000000
-0.096552 -0.011224 1.000000
-0.094315 -0.008269 1.000000
-0.057320 0.013403 1.000000
-0.100639 -0.006896 1.000000
-0.093169 -0.010370 1.000000
-0.049548 -0.002497 1.000000
-0.104626 -0.007647 1.000000
-0.051532 -0.000356 1.000000
-0.126960 -0.015145 1.000000
-0.127475 -0.032933 1.000000
-0.050301 -0.002508 1.000000
-0.096645 0.000073 1.000000
-0.097429 0.000833 1.000000
-0.125618 -0.026429 1.000000
-0.077969 -0.016224 1.000000
-0.119790 -0.026238 1.000000
-0.125839 -0.008440 1.000000
-0.124657 -0.029179 1.000000
-0.121892 0.013334 1.000000
-0.121456 -0.037881 1.000000
-0.087210 -0.003959 1.000000
-0.126729 -0.012954 1.000000
-0.053350 -0.001197 1.000000
-0.122793 -0.036765 1.000000
-0.051984 -0.009305 1.000000
-0.102148 -0.004969 1.000000
-0.079633 0.024781 1.000000
-0.066474 0.015791 1.000000
-0.083195 -0.001324 1.000000
-0.104920 -0.041660 1.000000
-0.126341 -0.028810 1.000000
-0.065950 0.015578 1.000000
-0.093434 0.019703 1.000000
-0.103439 -0.010721 1.000000
-0.104593 -0.017418 1.000000
-0.079428 -0.002510 1.000000
-0.053985 -0.001374 1.000000
-0.053222 -0.005556 1.000000
-0.058006 0.007664 1.000000
-0.075809 -0.011170 1.000000
-0.124929 -0.018733 1.000000
-0.099348 0.001096 1.000000
-0.096842 0.021231 1.000000
-0.098600 -0.019941 1.000000
-0.057113 0.003123 1.000000
-0.066393 0.015318 1.000000
-0.058546 -0.005512 1.000000
-0.088217 -0.016725 1.000000
-0.087910 0.001168 1.000000
-0.066703 0.014070 1.000000
-0.080553 -0.020525 1.000000
-0.097494 -0.002422 1.000000
-0.123020 0.007098 1.000000
-0.126763 -0.006261 1.000000
-0.106118 -0.017529 1.000000
-0.119043 -0.035634 1.000000
-0.116132 -0.036556 1.000000
-0.118929 -0.000593 1.000000
-0.101705 -0.015080 1.000000
-0.116644 0.013676 1.000000
-0.083873 -0.011853 1.000000
-0.124087 -0.000490 1.000000
-0.060842 0.006424 1.000000
-0.114270 -0.003332 1.000000
-0.103243 -0.002720 1.000000
-0.111179 -0.022382 1.000000
-0.105124 -0.020067 1.000000
-0.103868 -0.012495 1.000000
-0.102041 -0.007683 1.000000
-0.120137 0.008459 1.000000
-0.122724 -0.001105 1.000000
-0.105621 -0.018262 1.000000
-0.117020 -0.014324 1.000000
-0.090193 0.004586 1.000000
-0.107924 -0.008834 1.000000
-0.108402 -0.041813 1.000000
-0.107679 -0.006433 1.000000
-0.101770 -0.002013 1.000000
-0.081165 0.001933 1.000000
-0.076037 -0.007670 1.000000
-0.119795 -0.016187 1.000000
-0.101815 0.001648 1.000000
-0.059321 0.000405 1.000000
-0.085371 0.004202 1.000000
-0.108283 -0.015976 1.000000
-0.113312 -0.009843 1.000000
-0.058789 -0.002681 1.000000
-0.121594 -0.024636 1.000000
-0.111901 -0.022727 1.000000
-0.110349 0.008200 1.000000
-0.104096 -0.015712 1.000000
-0.060176 0.000916 1.000000
-0.077255 -0.023245 1.000000
-0.087038 -0.007213 1.000000
-0.081385 -0.020182 1.000000
-0.106011 -0.007039 1.000000
-0.108696 -0.013982 1.000000
-0.090422 0.006551 1.000000
-0.117554 0.007829 1.000000
-0.122861 -0.002539 1.000000
-0.110197 -0.037648 1.000000
-0.100113 -0.010928 1.000000
-0.107084 -0.016166 1.000000
-0.107132 -0.002282 1.000000
-0.107476 -0.029987 1.000000
-0.101552 -0.023077 1.000000
-0.119376 0.003780 1.000000
-0.111971 -0.036705 1.000000
-0.093026 -0.027191 1.000000
-0.106250 -0.010355 1.000000
-0.068357 0.009900 1.000000
-0.090646 -0.017736 1.000000
-0.108685 -0.016481 1.000000
-0.109808 -0.015091 1.000000
-0.092201 0.002462 1.000000
-0.085826 0.005021 1.000000
-0.063241 0.003760 1.000000
-0.068147 0.002246 1.000000
-0.109395 -0.008166 1.000000
-0.109264 -0.019522 1.000000
-0.098661 0.006699 1.000000
-0.086058 -0.008806 1.000000
-0.081483 0.004060 1.000000
-0.074910 -0.004946 1.000000
-0.107550 -0.008799 1.000000
-0.122356 -0.007590 1.000000
-0.122148 -0.009834 1.000000
-0.100774 0.005101 1.000000
-0.085706 0.007920 1.000000
-0.075357 -0.003923 1.000000
-0.107857 0.007299 1.000000
-0.093911 0.008526 1.000000
-0.110428 -0.016370 1.000000
-0.111953 -0.013328 1.000000
-0.081020 0.000982 1.000000
-0.096178 0.008584 1.000000
-0.118901 -0.021913 1.000000
-0.061856 -0.003278 1.000000
-0.078050 0.000009 1.000000
-0.115562 -0.026649 1.000000
-0.097161 0.005008 1.000000
-0.109088 -0.000063 1.000000
-0.109955 -0.021235 1.000000
-0.106398 -0.024068 1.000000
-0.075428 0.002443 1.000000
-0.106170 0.003911 1.000000
-0.073035 -0.000847 1.000000
-0.093245 0.005067 1.000000
-0.079613 0.013195 1.000000
-0.112996 -0.012312 1.000000
-0.100299 -0.001907 1.000000
-0.111770 -0.008145 1.000000
-0.071407 -0.003140 1.000000
-0.111940 -0.004739 1.000000
-0.107283 -0.008883 1.000000
-0.064808 -0.005977 1.000000
-0.084388 0.009377 1.000000
-0.117054 -0.003626 1.000000
-0.111078 -0.020126 1.000000
-0.096224 0.010344 1.000000
-0.094781 0.017034 1.000000
-0.107632 -0.006862 1.000000
-0.113844 -0.012652 1.000000
-0.105695 -0.037748 1.000000
-0.104611 0.002166 1.000000
-0.110069 -0.015125 1.000000
-0.113883 -0.009670 1.000000
-0.114682 -0.028844 1.000000
-0.074249 0.002622 1.000000
-0.113105 -0.005321 1.000000
-0.110798 -0.007228 1.000000
-0.109583 -0.026287 1.000000
-0.073617 0.003738 1.000000
-0.102907 -0.017709 1.000000
-0.115116 -0.028796 1.000000
-0.087525 0.011061 1.000000
-0.095432 0.011566 1.000000
-0.062867 -0.006205 1.000000
-0.106510 -0.018865 1.000000
-0.064041 -0.007492 1.000000
-0.067889 0.004774 1.000000
-0.111371 0.001834 1.000000
-0.114026 -0.019624 1.000000
-0.111393 -0.004995 1.000000
-0.071523 -0.025986 1.000000
-0.091297 0.012477 1.000000
-0.106163 -0.030825 1.000000
-0.102105 0.010350 1.000000
-0.108742 -0.028951 1.000000
-0.115176 -0.010403 1.000000
-0.115718 -0.007761 1.000000
-0.072988 0.003570 1.000000
-0.114635 0.004107 1.000000
-0.063111 -0.006015 1.000000
-0.108835 -0.032234 1.000000
-0.102968 0.002413 1.000000
-0.110357 -0.015996 1.000000
-0.104205 -0.006036 1.000000
-0.112901 -0.026194 1.000000
-0.082833 0.003904 1.000000
-0.117622 -0.019715 1.000000
-0.115833 -0.004242 1.000000
-0.075980 0.009053 1.000000
-0.068848 -0.005556 1.000000
-0.101537 0.004891 1.000000
-0.111040 -0.022979 1.000000
-0.116296 -0.001378 1.000000
-0.107895 -0.027100 1.000000
-0.067085 -0.001681 1.000000
-0.114753 0.003042 1.000000
-0.118807 -0.015985 1.000000
-0.104412 -0.029546 1.000000
-0.070583 0.003470 1.000000
-0.117864 -0.010389 1.000000
-0.110588 -0.025231 1.000000
-0.114781 -0.006568 1.000000
-0.115856 -0.004548 1.000000
-0.113795 -0.003287 1.000000
-0.108544 -0.003686 1.000000
-0.109086 -0.000240 1.000000
-0.069732 0.005060 1.000000
-0.077899 0.010058 1.000000
-0.077772 0.012086 1.000000
-0.114922 0.002755 1.000000
-0.107367 -0.008497 1.000000
