-0.127407 -0.242118 595058722498.861572
-0.127472 -0.242188 577310792029.336304
-0.127530 -0.242130 572774209477.460083
-0.127473 -0.241999 575033342972.833008
-0.127162 -0.242232 560689942813.115723
-0.127432 -0.242180 559732499072.660522
-0.127147 -0.242171 551670478768.432861
-0.127537 -0.242162 544971769316.874268
-0.127076 -0.242067 546337061978.011292
-0.127199 -0.242157 538570448553.864929
-0.127051 -0.242053 540108389659.561951
-0.127678 -0.242334 539285446995.748718
-0.127088 -0.242236 530251068639.257263
-0.127275 -0.241898 534833826359.730408
-0.127250 -0.242498 525686021196.613403
-0.127137 -0.242173 528162394805.398438
-0.127419 -0.242662 522402916946.694458
-0.127041 -0.242324 520498841957.180420
-0.127314 -0.242102 517618923555.479797
-0.127114 -0.241954 517185936534.689087
-0.127054 -0.242366 509938742396.444763
-0.127011 -0.242166 508513075676.512573
-0.127547 -0.242704 505608558667.608948
-0.126902 -0.242198 498599472437.974182
-0.127111 -0.241839 503362635899.663513
-0.127062 -0.242661 494807362790.485535
-0.127440 -0.242547 489186753233.385864
-0.127087 -0.242570 492530956749.012695
-0.127644 -0.242756 493883763927.524841
-0.127873 -0.242370 496828367814.710571
-0.127430 -0.242626 481646487150.838257
-0.127224 -0.242582 482517382123.568115
-0.126752 -0.242342 480742037290.055664
-0.126929 -0.242639 479460924368.291565
-0.126709 -0.242153 480404504754.372925
-0.127233 -0.242895 475475112572.369934
-0.127365 -0.242793 476433288515.516174
-0.128096 -0.242129 475580226065.305664
-0.127654 -0.241536 479651787980.545532
-0.127542 -0.241523 478042222137.216187
-0.127013 -0.242856 467910007408.467468
-0.126795 -0.241837 469218541166.048889
-0.126737 -0.241745 468011032212.456848
-0.126741 -0.242435 460768435074.575562
-0.126705 -0.242262 460586229359.437866
-0.127329 -0.242833 457326739872.602539
-0.126584 -0.242391 456319059189.591248
-0.127354 -0.242714 459748651160.363281
-0.127871 -0.241490 461589458763.549500
-0.128126 -0.242286 454097612718.185181
-0.127016 -0.242804 447639826667.509888
-0.127841 -0.242457 455426552443.283752
-0.126732 -0.242488 449331533737.867310
-0.126458 -0.242268 447529955385.504272
-0.126492 -0.242538 445352923604.573425
-0.127283 -0.242344 445518741789.636902
-0.127805 -0.241936 445248370486.563904
-0.126884 -0.241772 445956902275.902283
-0.127460 -0.242744 445856292727.468811
-0.127984 -0.242943 441361022764.509644
-0.127882 -0.241376 446557108509.997437
-0.127982 -0.242089 439736769031.198608
-0.127527 -0.242253 442978361232.990173
-0.128101 -0.242331 437648985966.932251
-0.127207 -0.243212 434462974451.974487
-0.128104 -0.241524 439877996448.557129
-0.126429 -0.242744 430654208881.461914
-0.128048 -0.241461 437667317300.467468
-0.126415 -0.242565 429555326158.093750
-0.127073 -0.242976 426285594979.009644
-0.126751 -0.242298 427674921521.009155
-0.128506 -0.242341 429349375534.120361
-0.126565 -0.242129 430386756312.138123
-0.128321 -0.242824 427842779844.393250
-0.127898 -0.242808 424453661438.940186
-0.128171 -0.242055 425958032629.703735
-0.128125 -0.242299 424766626038.809326
-0.128379 -0.242049 423458049969.415771
-0.127843 -0.242662 424312656647.686279
-0.126674 -0.241219 421057985391.703186
-0.128169 -0.241436 422610349083.098511
-0.126859 -0.243230 415953514786.265869
-0.127214 -0.242907 417475519432.723389
-0.127763 -0.243397 413353254078.921082
-0.126172 -0.241815 415322576882.561523
-0.128371 -0.241991 413015623993.223083
-0.127827 -0.242568 414418908110.758667
-0.128293 -0.241284 412890989538.569763
-0.126408 -0.241988 409044940213.357422
-0.128612 -0.242709 409119205753.197632
-0.126667 -0.242728 406363166142.094177
-0.126618 -0.241422 408279943930.948792
-0.127678 -0.243584 405063628938.384399
-0.126730 -0.241932 405404128293.181885
-0.127800 -0.241125 410146507155.259705
-0.127265 -0.242330 404694133481.530518
-0.127754 -0.242455 404836806371.410156
-0.126129 -0.241556 404380380300.012146
-0.128502 -0.242201 401678812039.635254
-0.128272 -0.243287 401504030794.237976
-0.128529 -0.243190 400220983184.203796
-0.126301 -0.241133 400621082403.883484
-0.126916 -0.242169 398946435403.406738
-0.126958 -0.240879 400880542221.074219
-0.127588 -0.241845 397088650746.341797
-0.128370 -0.241181 398662008988.908020
-0.127231 -0.241860 395689562286.474365
-0.128093 -0.241262 397128428704.876709
-0.127970 -0.242036 394597992312.256348
-0.125818 -0.242748 391143834595.714722
-0.126468 -0.241223 392603564936.034363
-0.125972 -0.241788 390157443590.739990
-0.127923 -0.243699 390209101304.704590
-0.127081 -0.243902 388098250021.520142
-0.126513 -0.242494 388234280046.146423
-0.128022 -0.242588 388178862233.975525
-0.128608 -0.242608 387419069194.553894
-0.127811 -0.240998 386206208969.319031
-0.125969 -0.241343 385246683141.628174
-0.128372 -0.243571 384856985089.879944
-0.126310 -0.243293 384200711809.366394
-0.126162 -0.243533 382627598397.291443
-0.127110 -0.244031 381910854006.614563
-0.129125 -0.241947 380805183210.871765
-0.125851 -0.241400 382182670529.276978
-0.126652 -0.243774 380632467561.050049
-0.126506 -0.241907 380097577004.937683
-0.128043 -0.242949 379648649124.282593
-0.126928 -0.240357 381071623792.356201
-0.126423 -0.243619 375625768609.589905
-0.129059 -0.241496 375879977699.587402
-0.126282 -0.240562 377875186153.922729
-0.128904 -0.243287 373492653910.900085
-0.126385 -0.243485 374860396863.147217
-0.125426 -0.241786 373318195428.856018
-0.126628 -0.240689 374344959768.992798
-0.126588 -0.241333 371891949386.372375
-0.127716 -0.242211 370482894466.993530
-0.125543 -0.243220 369766940605.325073
-0.126085 -0.241453 371857298909.328491
-0.129025 -0.242565 369577279093.895386
-0.127973 -0.240208 370843168913.293579
-0.129196 -0.242317 368005647632.934448
-0.127773 -0.244188 368876313961.809753
-0.126526 -0.244245 366463755228.741455
-0.126312 -0.242846 364898784823.858032
-0.129315 -0.241350 365575780957.351807
-0.126892 -0.240150 367414538125.112061
-0.125739 -0.242143 364831453897.662109
-0.128375 -0.240168 366114714514.614441
-0.127537 -0.244448 364487905956.018005
-0.128536 -0.242196 361353801182.307190
-0.127843 -0.240613 363609974793.187866
-0.129132 -0.241920 360948490325.260315
-0.127506 -0.240334 362114074873.643860
-0.125098 -0.242659 358901553721.877991
-0.126617 -0.240980 359672059760.704651
-0.127055 -0.242792 358284314118.343811
-0.128677 -0.242739 357859164094.986450
-0.126200 -0.240495 359606272025.619812
-0.126321 -0.240544 358707026655.329773
-0.126150 -0.242585 354861776787.403992
-0.129243 -0.240548 356609955099.778992
-0.127674 -0.241803 354275191864.909424
-0.127367 -0.241701 354078227414.421204
-0.128368 -0.244462 356067210883.240479
-0.126524 -0.240046 355723941138.958923
-0.129919 -0.242443 353160990153.210266
-0.129599 -0.242523 352218881854.356079
-0.129683 -0.242369 351843825431.172241
-0.129608 -0.240935 351977985847.781311
-0.124771 -0.242292 351882801932.647400
-0.125838 -0.240273 353151861093.136475
-0.127117 -0.242990 350352946735.420044
-0.129723 -0.243524 350236323552.412170
-0.126944 -0.242727 349638807345.860413
-0.128721 -0.244604 349763173091.714722
-0.127270 -0.240958 349567799673.202454
-0.128372 -0.243614 348269601383.880310
-0.125844 -0.244245 347655052319.594116
-0.126197 -0.240186 349271307797.499084
-0.125718 -0.240298 349220565320.854858
-0.126896 -0.241315 346344422423.242065
-0.129788 -0.241829 344720922248.429993
-0.124736 -0.241059 346067325195.052917
-0.125273 -0.240414 347229313793.553101
-0.124549 -0.242738 344590238654.226013
-0.126226 -0.240480 344245078779.106995
-0.126066 -0.244374 342864728809.139343
-0.125434 -0.243001 341991932842.282593
-0.130260 -0.242599 342275593343.734924
-0.127412 -0.240629 342518549491.373901
-0.128873 -0.242342 340844523596.927185
-0.129493 -0.241203 340087507717.929932
-0.129435 -0.241024 339637439190.854248
-0.129056 -0.241069 339465727389.982910
-0.127952 -0.239739 340296816250.099915
-0.129892 -0.242517 337949677599.481384
-0.129070 -0.239722 338855211029.809143
-0.124929 -0.243665 337066767307.333252
-0.125919 -0.244428 336852552306.139648
-0.128806 -0.240583 336814562848.655579
-0.126780 -0.239088 338996559762.857849
-0.127462 -0.239768 336802164544.476318
-0.125187 -0.242191 335721196629.856018
-0.124091 -0.241956 336065118550.778320
-0.125180 -0.240736 335788744228.685730
-0.127556 -0.242338 333549891851.854858
-0.124624 -0.240374 335862632615.629578
-0.127483 -0.241417 332713196470.095154
-0.125599 -0.243144 332275274539.205811
-0.124653 -0.240284 335191328289.537598
-0.127681 -0.241679 331765483071.316833
-0.124748 -0.240163 334318469755.411865
-0.125543 -0.239462 333798951923.402710
-0.127515 -0.240450 331500216094.915222
-0.128871 -0.244296 330914967388.507385
-0.128703 -0.245067 331194232075.909302
-0.124878 -0.242754 329831849009.318604
-0.126288 -0.245638 331483523381.614929
-0.127135 -0.245540 330794292444.354980
-0.125439 -0.240729 330396774785.045044
-0.130922 -0.241403 327406036394.519897
-0.125389 -0.241903 328736736643.604309
-0.127855 -0.238658 330699614120.540955
-0.130900 -0.241090 327061792758.804993
-0.126676 -0.244525 328023662309.390991
-0.129205 -0.239139 328470228797.499878
-0.129583 -0.244520 327674647506.752258
-0.128022 -0.239410 327157592964.617676
-0.129838 -0.244023 326574852815.722534
-0.129927 -0.244521 326994206227.394043
-0.127884 -0.243581 325010076531.761108
-0.130031 -0.245008 326009338868.068909
-0.125343 -0.239294 327129793783.474487
-0.128361 -0.238976 326068864524.601746
-0.124291 -0.244020 324264953855.869873
-0.123539 -0.241432 324441397000.510132
-0.128301 -0.242721 322172382832.115540
-0.128458 -0.244708 323255339378.717712
-0.127862 -0.246211 325097711325.979065
-0.123933 -0.240791 323441467312.918091
-0.128316 -0.238867 323192863067.385742
-0.130439 -0.243857 321112024556.941772
-0.126570 -0.244573 321349538636.044006
-0.124221 -0.239666 322264664240.935669
-0.131468 -0.241844 319600214095.946777
-0.128516 -0.245816 321789823376.518127
-0.129047 -0.242690 318257416718.892029
-0.124398 -0.240737 320225930767.323364
-0.128179 -0.238120 322022896761.587830
-0.125757 -0.243058 318251537978.931519
-0.126552 -0.246236 321575213139.555725
-0.128645 -0.244657 319015881109.334045
-0.129566 -0.245757 319699505778.978516
-0.128280 -0.244814 318287161576.401733
-0.127342 -0.242008 315849272602.905640
-0.129785 -0.238521 319026160235.031677
-0.130635 -0.245100 317220095731.590942
-0.126649 -0.245706 318502015771.792725
-0.129808 -0.244092 315894605028.709595
-0.129916 -0.238542 317522824999.278870
-0.124815 -0.238925 318427766321.843384
-0.131320 -0.242956 314753532326.132568
-0.129289 -0.238454 316822687727.225952
-0.127484 -0.239392 314732078719.723206
-0.130604 -0.239048 315017489216.491089
-0.131322 -0.241747 313848301540.159607
-0.123258 -0.240147 315321662546.848145
-0.127604 -0.243330 313293859513.336548
-0.128458 -0.246737 317529847981.281616
-0.126713 -0.237612 317387217159.752625
-0.127171 -0.246552 316347294361.852600
-0.132068 -0.242904 312566266708.295410
-0.123256 -0.244385 313227301011.743774
-0.126399 -0.237535 316186736496.416809
-0.124916 -0.245377 313538354941.666687
-0.122594 -0.242841 312237895608.256104
-0.128726 -0.237581 314552046160.568115
-0.132067 -0.241663 310104508425.550476
-0.130602 -0.241598 309595086106.813110
-0.127472 -0.246188 312860976570.335999
-0.130688 -0.243096 309089313537.125732
-0.129631 -0.246295 312995760739.961914
-0.130393 -0.244351 309836560779.931458
-0.128957 -0.237610 312369581655.164734
-0.128775 -0.237863 312112752949.403259
-0.126175 -0.237730 313169072977.759399
-0.123982 -0.245238 310426163754.772339
-0.129542 -0.237743 311854053920.456299
-0.124415 -0.245586 310520054167.108521
-0.128506 -0.237785 310647393393.627075
-0.127758 -0.237230 312127857773.759033
-0.122647 -0.241144 309496013688.602356
-0.125035 -0.244484 307686742977.115723
-0.122444 -0.243119 308539558439.828430
-0.124121 -0.243082 307129834166.172058
-0.122699 -0.244371 308703503440.603821
-0.132366 -0.243769 307123292623.810486
-0.129711 -0.245056 307258646750.745483
-0.129731 -0.238441 307350172794.502319
-0.123632 -0.245887 309418790275.627991
-0.123622 -0.245721 308979930097.291321
-0.128808 -0.238819 306524418817.718628
-0.126627 -0.247081 309815356840.176697
-0.131050 -0.241263 304223228993.320190
-0.123465 -0.245716 307511460946.566040
-0.126595 -0.239001 305483100951.032227
-0.128110 -0.240984 303746719831.494690
-0.128841 -0.247135 309316055605.830872
-0.130186 -0.237790 306396356860.760071
-0.125649 -0.237820 307671436148.870728
-0.129593 -0.237182 307147136132.926147
-0.122620 -0.240147 305868896691.118591
-0.124498 -0.239202 305239192753.678833
-0.128806 -0.243823 302552560605.568604
-0.123558 -0.241530 303836089595.799072
-0.129044 -0.247448 308344433804.511169
-0.131932 -0.245410 305016537873.947754
-0.131041 -0.245308 304159191712.514893
-0.130906 -0.237926 304106954895.408020
-0.122409 -0.239785 304889393832.294983
-0.130295 -0.246619 305815768419.667786
-0.128859 -0.246197 304641998751.490906
-0.125789 -0.247131 306395724215.382568
-0.122144 -0.241410 303445836346.994385
-0.131005 -0.246097 304240906864.986267
-0.123533 -0.245903 304581986967.315430
-0.132392 -0.240960 300678895263.259033
-0.124674 -0.237429 305391019940.142578
-0.121773 -0.243402 302373838813.743958
-0.129553 -0.247611 306671075804.912354
-0.128235 -0.243518 300464742974.068726
-0.127386 -0.246021 301628845416.581604
-0.125145 -0.239054 300975457330.671387
-0.124152 -0.241434 300018684643.806885
-0.131479 -0.240297 298862914315.254089
-0.130010 -0.236949 302522843800.501160
-0.131198 -0.237837 301023288275.669556
-0.124250 -0.246848 303097818010.162292
-0.132747 -0.239848 299198702956.177856
-0.123327 -0.246235 302218092456.436584
-0.128965 -0.236735 302607850875.129517
-0.127274 -0.247357 302038436137.364319
-0.132742 -0.244751 299910219485.193359
-0.129971 -0.242422 297724071366.110596
-0.130286 -0.237406 299052810353.451660
-0.124052 -0.240449 298701008526.281006
-0.122973 -0.244081 298866852734.829773
-0.123565 -0.246627 301827377999.172363
-0.128876 -0.238634 297576034173.609375
-0.132141 -0.238429 298059960370.833618
-0.127688 -0.248191 303261710362.147400
-0.123293 -0.244128 298240005997.705688
-0.126821 -0.247967 302478421451.167053
-0.125558 -0.237432 299501823730.253540
-0.123761 -0.244833 297937961349.049377
-0.125010 -0.236383 302123101583.294739
-0.124875 -0.238421 297418995373.232361
-0.129003 -0.236280 299363700865.376099
-0.125377 -0.247966 300788955330.136475
-0.126968 -0.248525 301990700439.577576
-0.125338 -0.236935 300360311000.172241
-0.129010 -0.247110 298642459348.128174
-0.124651 -0.236668 300238517898.080566
-0.122996 -0.244746 296531453103.259705
-0.132979 -0.243762 295475638650.870728
-0.132604 -0.242961 294350573075.042847
-0.123417 -0.237092 300717066981.992676
-0.126153 -0.235852 300703349251.718506
-0.122755 -0.237970 298267385024.471191
-0.123486 -0.246165 297412220775.360291
-0.123503 -0.236948 300782102848.207153
-0.121975 -0.241722 295627938487.640015
-0.125196 -0.240433 294393042270.258972
-0.123235 -0.246341 296935755484.281738
-0.125872 -0.248653 300267201229.258179
-0.121028 -0.241577 295694924802.184082
-0.125546 -0.236677 297386830252.138306
-0.127282 -0.235606 298876464710.442261
-0.126662 -0.247273 296334518442.039734
-0.124882 -0.247698 297189145326.085815
-0.133341 -0.243216 293016321941.729126
-0.131661 -0.247395 297462051828.890137
-0.122649 -0.245443 295281205445.960938
-0.125568 -0.239746 293087430414.874146
-0.133756 -0.240489 291973591639.151855
-0.129207 -0.239569 292375066294.902100
-0.130130 -0.236053 295491930398.172302
-0.126052 -0.243586 291907965020.249695
-0.123839 -0.247168 296068090221.545410
-0.126746 -0.242646 291191554314.335022
-0.131535 -0.246389 294287892490.425293
-0.126043 -0.247329 295104556949.716736
-0.127292 -0.236084 296039067386.060730
-0.131740 -0.236868 292725733078.471863
-0.127380 -0.249151 298391572011.519104
-0.123914 -0.236181 297170752852.534424
-0.122951 -0.241870 291684592210.461609
-0.131122 -0.248128 297227314583.283142
-0.128077 -0.249104 297973094896.840942
-0.122364 -0.237530 294921905122.879578
-0.123769 -0.242525 291110036766.331238
-0.133771 -0.243106 290557397330.584290
-0.122815 -0.242377 290902841509.458618
0.153602 0.495579 138545205230.939789
-0.128534 -0.248356 295192740578.439148
-0.126697 -0.244699 290294382125.219177
-0.125976 -0.248939 295904646483.749390
-0.121831 -0.246758 293330245479.484924
-0.132158 -0.246590 292477003748.340576
-0.122139 -0.237270 294235989258.561584
-0.124685 -0.245461 290881998626.920227
-0.127288 -0.244353 290871244118.582642
-0.130241 -0.235803 291578096101.976868
-0.122789 -0.247525 292542584958.177917
-0.129926 -0.248874 295743058277.942871
-0.121336 -0.242320 290253847525.760742
-0.122578 -0.239430 291170320786.525818
-0.121205 -0.238425 292566348866.846741
-0.128317 -0.239651 289728496108.863525
-0.133291 -0.246606 291649514601.205933
-0.130739 -0.244063 288562311937.329163
-0.125043 -0.248615 293629714973.192261
-0.127780 -0.234961 293688610948.950562
-0.120782 -0.241888 289746146899.851440
-0.125146 -0.235141 294575213111.787598
-0.126249 -0.234896 294196404455.704834
-0.121757 -0.245846 290375127474.345398
-0.128475 -0.249585 295354038787.487061
-0.125846 -0.249507 294536877019.983521
-0.131689 -0.236080 288837964230.878967
-0.132378 -0.247172 291086899473.003540
-0.126188 -0.238606 287951449985.212952
-0.134826 -0.241813 287008823184.834473
-0.126100 -0.237640 289454801553.596741
-0.124400 -0.235486 293938728099.942810
-0.124971 -0.236123 291633803461.692932
-0.120164 -0.239725 289377253620.743896
-0.125616 -0.234798 293300657625.497742
-0.126899 -0.248585 290857972167.438171
-0.128198 -0.234637 291664952318.565857
-0.133659 -0.237903 286700772710.478027
-0.125823 -0.249768 293203757843.760925
-0.131144 -0.248754 292799763301.047241
-0.127673 -0.239677 287396975838.449646
-0.128616 -0.248700 290612403538.681824
-0.122801 -0.246582 288444102089.180786
-0.119735 -0.242359 287759061600.947327
-0.125890 -0.244430 287334016242.687927
-0.123223 -0.246927 288383730897.662170
-0.131498 -0.248856 292196318698.646118
-0.128825 -0.248303 289270416839.934082
-0.120783 -0.239168 288225968328.162720
-0.123548 -0.243066 285919696978.124573
-0.122527 -0.235986 290981386450.299500
-0.126976 -0.249241 290331520262.477234
-0.126634 -0.249922 291751933631.054565
-0.121015 -0.241548 286236821743.770813
-0.129578 -0.247281 287387163181.967407
-0.124998 -0.238058 286930650160.599487
-0.125719 -0.234514 291147298756.220886
-0.125322 -0.249430 290358755205.401794
-0.125940 -0.239191 285017004479.636292
-0.129554 -0.244137 285320505546.396851
-0.130428 -0.243407 284726984308.476929
-0.125536 -0.246686 286439998499.205078
-0.125623 -0.249609 289700391473.725159
-0.119649 -0.243604 285710951009.803040
-0.132636 -0.247539 287921201385.481384
-0.133293 -0.237376 284151082836.247131
-0.121566 -0.237346 288029155445.908630
-0.119555 -0.244431 285789321106.658264
-0.122108 -0.236828 288372692794.338562
-0.135125 -0.243388 283805459832.503052
-0.128291 -0.234087 289256274537.132568
-0.126649 -0.249728 289806249571.495361
-0.129461 -0.250118 291239646780.002136
-0.120121 -0.246074 285926980732.437561
-0.127996 -0.234827 286931187007.393799
-0.125085 -0.242677 284318983234.373840
-0.123670 -0.235398 287938039919.161255
-0.127096 -0.243399 284049219852.297852
-0.132243 -0.238809 282530911058.612976
-0.122818 -0.246453 285163154807.020081
-0.122292 -0.243357 283948010821.129272
-0.125094 -0.244366 283651382419.994934
-0.121707 -0.246783 285976304751.302673
-0.132325 -0.248923 288523215825.678711
-0.122238 -0.248580 286723269719.210205
-0.121005 -0.246790 285200509271.246826
-0.128745 -0.234904 285434960843.330444
-0.122013 -0.243542 283500877584.662720
-0.119620 -0.245407 284310252773.145081
-0.135342 -0.243668 282500267000.545532
-0.135790 -0.241934 281886401692.667725
-0.120613 -0.246500 284154842078.461548
-0.119867 -0.245549 284036964154.958130
-0.119519 -0.239740 284346184503.260925
-0.125199 -0.250255 288516783459.592590
-0.128485 -0.233884 286830328323.086609
-0.124401 -0.244318 283442652060.589111
-0.128239 -0.234984 284944784599.876099
-0.120358 -0.237483 285209477167.399170
-0.129686 -0.233996 285676925280.317993
-0.121158 -0.243225 282569831380.488159
-0.120226 -0.242406 282580663027.924072
-0.131070 -0.247861 284276912914.921204
-0.123849 -0.244209 282376197967.665039
-0.123223 -0.244015 282408915473.002075
-0.133621 -0.237133 281044471974.870361
-0.129090 -0.249019 285377077829.612061
-0.132854 -0.244640 281460697854.017273
-0.127753 -0.234669 284719153370.008667
-0.120255 -0.246075 283014489026.068604
-0.122501 -0.249340 285460025129.364868
-0.134641 -0.239262 279710261724.749573
-0.122309 -0.244538 282010555066.351624
-0.135501 -0.238989 280130336841.690002
-0.133010 -0.248347 285347658294.664551
-0.130580 -0.234404 282909894217.343140
-0.124250 -0.234207 286277397810.461670
-0.131856 -0.249212 285850844089.122620
0.095245 0.510746 128473511316.538132
-0.121987 -0.248367 283616632561.074402
-0.125403 -0.249420 284582271673.936340
-0.134328 -0.247468 283479527276.900269
-0.132610 -0.248893 285065281315.816406
-0.128112 -0.246367 281554601468.655884
-0.128060 -0.244663 281122656041.558411
-0.122983 -0.243078 280495497653.935242
-0.135194 -0.246486 281899914290.695496
-0.132112 -0.249739 286053761504.445984
-0.129762 -0.236615 280841408404.859070
-0.120034 -0.241272 281360581978.977783
-0.131819 -0.249825 285943395194.461060
-0.130527 -0.247014 281337752850.758057
-0.135641 -0.240976 277989784746.678284
-0.133198 -0.248952 284083120985.704285
-0.128173 -0.251198 286848158544.565125
-0.119597 -0.245184 280816204814.669922
-0.134370 -0.244638 279161189467.671326
-0.127271 -0.250672 284850074085.158813
-0.126196 -0.233802 283433221977.892090
-0.128785 -0.250511 285269601056.854675
-0.118674 -0.240401 280311776574.562744
-0.125570 -0.251159 285186813085.282593
-0.134102 -0.246632 280363422059.607849
-0.126043 -0.233179 284670243355.437134
-0.131005 -0.235688 279732978214.743958
-0.125453 -0.237557 279494386314.415955
-0.130601 -0.235211 279888529322.620667
-0.121850 -0.234870 283582504550.361694
-0.135116 -0.237217 277296018075.659302
-0.130606 -0.249369 282170915175.875000
-0.126818 -0.234048 281684748072.626892
-0.121049 -0.247510 280137239728.513489
-0.124793 -0.234917 281949273321.603394
-0.121243 -0.248647 281060350296.928406
-0.124221 -0.234963 281533538809.217651
0.131240 0.497906 134831435783.582336
-0.122005 -0.248278 280839550413.526978
-0.135573 -0.244382 277595471402.551880
-0.127407 -0.251481 285165256275.157471
-0.127784 -0.250551 282568972122.043335
-0.128651 -0.239157 276972863128.261902
-0.120041 -0.239196 279093579146.171021
-0.123665 -0.233811 283471163913.426392
-0.122820 -0.243626 277818149314.303711
-0.133385 -0.236458 276987114101.236084
-0.119844 -0.238371 279252920718.066467
-0.126238 -0.234396 279980722510.061279
-0.136794 -0.243065 276652841982.464294
-0.121227 -0.249107 280268026647.180420
-0.134760 -0.245346 277265676791.825928
-0.124521 -0.237996 278826619431.262451
-0.120104 -0.236682 279974976101.514404
-0.128176 -0.247878 279025130733.796143
0.105828 0.504375 131237581067.360046
-0.119776 -0.239315 279008014615.621460
-0.126018 -0.232709 282669941274.913330
-0.135055 -0.247961 279046673810.792114
-0.118348 -0.241382 277790733318.326904
-0.136496 -0.243376 275777092356.391541
-0.130018 -0.236445 276609134540.223450
-0.123567 -0.243510 277424997027.426575
-0.134698 -0.242589 275572120699.681274
-0.132524 -0.242888 276059212480.708435
-0.127974 -0.251883 283264511526.314575
-0.121764 -0.243539 277134478884.196106
-0.125844 -0.234439 279440678022.790222
-0.128424 -0.232572 280697896586.426697
-0.135538 -0.246644 277222975365.059387
-0.121360 -0.249871 279289378619.803284
-0.128960 -0.232593 280210448402.581482
-0.122775 -0.237437 277399811039.759949
-0.134398 -0.237394 274854855882.540161
-0.124068 -0.250834 279769842264.595154
-0.123377 -0.234306 279795762414.232849
-0.130117 -0.251496 282646383339.404541
-0.130403 -0.250509 280388184354.895447
-0.119142 -0.239670 277068092847.840820
-0.120267 -0.244334 276448773673.008179
-0.125933 -0.248978 278085216906.419373
-0.123977 -0.234591 279141058521.096008
-0.127245 -0.251975 281697369974.955078
-0.129719 -0.247690 277007185351.056885
-0.132131 -0.236734 274529961550.456665
-0.130979 -0.250137 279449321941.037659
-0.124794 -0.251790 280687105687.582642
-0.125580 -0.232435 281079203307.021851
-0.122101 -0.234304 280264288857.335754
-0.125623 -0.234394 278234441359.618347
-0.119741 -0.246860 276409489317.077087
-0.136300 -0.246333 275864719992.813965
-0.130313 -0.250733 279942818702.188965
-0.123682 -0.233706 279315023042.191711
-0.128445 -0.251668 280776446325.627747
-0.126307 -0.251461 279825275530.316589
-0.132005 -0.250829 280862165244.780884
-0.121516 -0.249869 277972464126.494324
-0.128114 -0.251886 281475997484.927002
-0.117507 -0.241429 275604839240.907471
-0.125899 -0.232251 280484299649.110840
-0.129337 -0.251272 280212849344.482239
-0.132546 -0.249981 278780316879.072449
-0.125102 -0.233178 279070566828.494568
-0.127210 -0.244762 275645128201.816101
-0.125639 -0.232461 280101447657.215820
-0.128615 -0.245518 274207380161.530273
-0.122309 -0.233436 279677054112.511780
-0.117283 -0.241048 275267137137.713562
-0.129671 -0.235371 275273715807.499023
-0.117650 -0.239641 275512315485.309265
0.125713 0.496387 134362708306.800018
-0.127280 -0.232055 279056156087.449829
-0.130904 -0.251640 280394202600.556030
-0.127688 -0.232504 277384960958.120911
-0.120862 -0.244107 274488950045.613922
-0.120598 -0.234855 277694841765.721924
-0.122210 -0.234161 277990439835.480957
-0.120726 -0.250041 276716309451.537170
-0.127345 -0.251765 278847115358.884277
-0.134582 -0.245431 273338464391.672058
-0.117813 -0.238320 275232423390.625183
-0.118944 -0.243109 274131762012.945374
-0.127178 -0.232130 278348706232.345947
-0.130431 -0.232703 275295541954.522095
-0.132549 -0.244951 273098314167.765350
-0.128800 -0.244827 273871498178.311066
-0.132318 -0.251194 278998013013.877502
-0.121698 -0.233640 277884858637.440186
-0.118622 -0.247920 274348751329.081146
-0.127411 -0.231746 277531226894.669617
-0.124673 -0.232392 277466671852.132080
-0.132086 -0.251547 278332417559.147583
-0.130363 -0.251321 277656721535.069702
-0.121114 -0.234623 276286510437.330139
-0.123714 -0.244751 273224993236.423065
-0.128895 -0.231761 276516151665.874817
-0.118264 -0.242552 273358398410.682983
-0.123002 -0.250978 276250937233.656860
-0.132366 -0.251538 278293065656.100098
-0.120411 -0.248814 274198338522.651337
-0.116979 -0.240055 273608226560.543976
-0.127054 -0.252687 278143098434.313110
-0.134089 -0.235957 271194584830.708649
-0.120782 -0.250388 275112062199.951782
-0.123668 -0.245908 273824149762.460846
-0.130550 -0.251912 277779118902.556763
-0.128655 -0.251864 277201076828.642517
-0.121715 -0.233576 276466676758.922791
-0.125134 -0.242467 272354796403.440582
-0.131127 -0.241663 271487047934.321594
-0.135502 -0.246617 272759551460.095947
-0.129770 -0.251454 276491228293.582825
-0.120180 -0.241179 272225868337.473694
-0.125534 -0.249479 274741228591.367249
-0.118302 -0.246566 272538005728.505585
-0.127107 -0.246892 272139103150.309387
-0.137573 -0.238600 269849451050.123108
-0.135362 -0.249538 274374583687.817444
-0.135808 -0.235720 270153110167.309326
-0.128850 -0.252865 277752340575.975220
-0.138153 -0.241013 269994670189.670624
-0.120193 -0.242408 271694725898.213318
-0.124267 -0.249789 273962524550.027740
-0.131579 -0.232205 272877016700.024475
-0.127540 -0.253131 277414439564.236389
-0.127650 -0.231402 274902475212.947083
-0.121139 -0.244255 272015563449.471130
-0.118187 -0.244058 271531437420.006775
-0.136556 -0.244185 270061675984.340027
-0.134084 -0.250824 275505067215.518066
-0.127084 -0.251973 274795899544.948212
-0.121336 -0.233659 275199235368.982300
-0.129539 -0.231715 273709569624.007538
-0.123427 -0.232714 274779842195.500397
-0.132909 -0.251365 275501123408.814880
-0.123049 -0.249788 273065447267.894226
-0.124372 -0.231555 275540259970.111023
-0.122632 -0.233106 274532544767.058136
-0.133944 -0.235739 269603295497.798340
-0.135548 -0.248375 272104994079.221771
-0.121892 -0.234297 273437015853.603363
-0.126602 -0.251207 273629869358.802002
-0.126381 -0.231101 274765200375.099792
-0.131080 -0.252754 276044754647.693604
-0.120122 -0.235393 272533549981.108032
-0.131354 -0.232825 270784324210.390381
-0.128484 -0.252902 275781112541.359009
-0.126471 -0.247730 271010269559.133087
-0.129168 -0.231102 273227894447.798309
-0.135625 -0.234706 268473853763.294647
-0.128612 -0.246918 270869800059.907654
-0.137290 -0.247325 270493386845.490906
-0.134303 -0.233756 269064792498.647064
-0.124014 -0.245838 270443271105.623444
-0.122670 -0.244692 270029104682.110779
-0.121179 -0.235196 271662686449.370483
-0.127665 -0.253577 275519712438.720520
0.138432 0.487770 139684834716.562103
-0.135610 -0.235207 268093681548.046967
-0.135601 -0.249190 271650241511.038727
-0.129043 -0.252300 273645111184.182526
-0.130044 -0.232739 270603966092.536377
-0.131111 -0.252115 273587320960.411469
-0.124686 -0.251298 272263597969.992218
-0.136093 -0.249638 271609683569.008026
-0.123714 -0.253060 273603946270.404877
-0.132615 -0.250663 271916771040.857300
-0.133450 -0.251920 273901725781.311615
-0.133427 -0.242506 268515561196.003082
-0.127952 -0.253619 274962740230.840393
-0.138301 -0.239140 267200097698.097351
-0.133555 -0.250565 271489260716.551361
-0.125104 -0.231765 272610303711.802643
-0.128933 -0.237648 267765045728.340332
-0.136080 -0.248713 270094984426.107574
-0.119657 -0.238818 269760501572.362610
-0.129926 -0.233410 269479692941.491943
-0.116968 -0.247459 269423302634.198059
-0.118691 -0.235934 270385052132.122040
-0.137442 -0.236747 266826933199.592346
-0.133174 -0.246876 268693427309.264618
-0.117403 -0.238908 269107766166.238983
-0.134083 -0.248768 269647289163.604675
-0.120273 -0.233087 272034278771.444672
-0.129532 -0.253670 274127389426.920715
-0.131981 -0.252983 272959997456.579468
-0.130574 -0.250263 270594273401.812775
-0.138458 -0.238160 266390236753.686951
-0.137180 -0.240736 266039296418.674866
-0.132438 -0.235156 267558732460.725647
-0.120335 -0.251693 270610835574.510773
-0.131441 -0.252609 272102857310.186249
-0.129750 -0.252453 271627961094.566772
-0.116217 -0.245062 268493252772.130219
-0.123351 -0.247580 269811456215.433655
-0.138195 -0.240495 265541705528.134308
-0.128532 -0.253995 273478746756.400024
-0.126476 -0.248733 269196685148.501892
-0.138209 -0.247256 267413411966.429504
-0.123237 -0.231008 271762946800.145081
-0.116913 -0.244849 268018593728.211914
-0.121365 -0.233540 270161958303.736725
-0.122201 -0.231675 271320565679.644592
-0.121002 -0.247562 268395778583.988281
-0.117539 -0.245400 267785590044.160278
-0.127450 -0.247624 268524892009.308868
-0.118667 -0.235382 269269513784.383789
-0.127702 -0.235142 266884995531.984650
-0.135028 -0.248241 267844791886.313538
-0.124051 -0.234664 268676391219.587524
-0.120838 -0.232934 270428092656.668030
-0.139220 -0.243929 266051053386.136902
-0.138233 -0.245391 266273823191.826691
-0.121288 -0.239029 267068839472.599060
-0.124325 -0.231332 270667270552.815582
-0.122976 -0.232958 269405053149.494232
-0.126088 -0.230290 270928977738.166931
-0.134366 -0.232338 266241480637.943420
-0.125058 -0.253035 270513608391.344177
-0.122683 -0.249026 268186675923.837341
-0.133077 -0.252883 271110894331.677399
-0.129839 -0.241846 265250091736.132446
-0.135238 -0.251545 269918047920.938721
-0.115207 -0.243351 266479746622.475250
-0.118808 -0.249733 267708549522.379181
-0.128085 -0.253273 270277083665.794586
-0.130397 -0.230425 268324965682.227875
-0.123543 -0.248755 267456624116.739410
-0.135015 -0.251694 269500486707.322632
-0.128447 -0.254175 271641188387.768250
-0.122555 -0.234380 268146826475.185120
-0.127605 -0.241843 265140951433.373901
-0.134130 -0.232234 265664307786.194153
-0.122697 -0.247935 267629339693.032501
-0.121928 -0.231236 269840092804.062683
-0.117048 -0.235357 268188027977.350067
-0.129473 -0.253636 270186713672.461243
-0.130469 -0.248500 267102345747.202637
-0.135557 -0.246550 265813620810.722595
-0.115566 -0.238309 266933198583.569092
-0.124876 -0.253150 269407545185.952209
-0.123490 -0.233199 267747270378.258240
-0.116189 -0.247396 266306323648.828796
-0.115215 -0.241441 265859766842.523834
-0.130804 -0.252568 268648126525.877075
-0.132366 -0.253182 269517134301.757538
-0.121579 -0.253258 268626317875.042816
-0.138455 -0.242483 263920622247.257294
-0.136649 -0.240021 263865062330.582581
-0.119529 -0.233361 268305489950.071442
-0.122848 -0.237682 265889129098.653961
-0.137648 -0.248776 265915797963.482391
-0.126762 -0.230788 267233961004.144501
-0.123731 -0.234875 265796734969.059113
-0.130369 -0.230442 266808631889.400940
-0.124434 -0.254491 269182274113.750671
-0.119713 -0.234981 267073147433.219666
-0.130477 -0.251187 267346395420.236206
-0.128174 -0.230342 267491022602.399109
-0.130536 -0.254425 270170427926.723755
-0.116457 -0.235659 266645893741.433685
-0.125177 -0.254543 269037643069.825989
-0.126631 -0.254836 269501153354.115570
-0.131102 -0.253015 267851449167.026917
-0.116090 -0.248202 265463062549.513214
-0.125745 -0.254793 269030173325.901703
-0.134150 -0.252492 267552820345.232727
-0.122396 -0.251339 266833409061.839050
-0.118862 -0.232616 267323592618.405121
-0.117031 -0.247786 265387074725.669617
-0.138464 -0.246224 263809805038.858337
-0.139381 -0.240794 262625022750.486847
-0.130356 -0.252632 267002106391.874573
-0.130591 -0.230678 265147080503.809143
-0.122403 -0.235513 264822425785.894135
-0.130846 -0.248742 265414991093.725677
-0.127047 -0.229294 267381781330.071960
-0.127284 -0.240484 263011750708.230591
-0.122458 -0.251566 266409059282.066589
-0.115598 -0.237741 264896810282.630280
-0.132697 -0.230668 264210819217.309753
-0.134481 -0.253097 267388771104.421051
-0.138797 -0.236025 261310881395.580963
-0.126447 -0.229329 266865119239.307495
-0.138004 -0.249419 264494210334.249329
-0.129722 -0.229675 265617208771.819489
-0.122820 -0.230223 266837544864.100342
-0.130002 -0.254163 267024142972.383362
-0.137901 -0.245981 262780661764.626678
-0.120434 -0.252815 266095022173.846924
-0.127316 -0.255255 267975796853.181213
-0.123277 -0.253074 265987536360.335419
-0.120436 -0.231913 266131270927.821930
-0.132664 -0.248666 263801111573.915405
-0.119161 -0.252593 265293847270.800598
-0.134760 -0.232918 262295072758.727173
-0.129298 -0.230177 264870536291.121521
-0.133609 -0.231010 263081557448.083344
-0.117414 -0.250048 264117501972.411102
-0.121234 -0.246371 263487356026.605103
0.127700 0.486790 137237684423.281754
-0.114423 -0.239160 263815173813.672882
-0.134243 -0.231357 262303617914.301971
-0.120719 -0.250973 264204173328.976898
-0.130187 -0.247502 263024226194.147156
-0.125850 -0.232460 264292387289.167450
-0.138983 -0.248712 262800622070.204285
-0.115797 -0.248747 263321995662.953156
-0.129711 -0.230069 264018816470.088989
-0.133003 -0.247264 262658659128.928253
-0.126708 -0.230468 264608639900.296967
-0.133216 -0.237482 261363399660.850861
-0.135370 -0.246694 261815538778.208252
-0.131009 -0.253719 265134909931.521423
-0.133135 -0.251933 264322623978.235809
-0.118311 -0.250478 263182215859.626312
-0.140479 -0.241088 260371409947.677185
-0.116608 -0.238245 262850402012.365265
-0.130263 -0.251491 264044648228.927185
-0.125533 -0.228881 265048934783.547943
-0.126123 -0.228624 264954909971.975983
-0.129416 -0.228778 264069308179.703400
-0.129591 -0.249934 262787623929.006561
-0.131760 -0.254890 265836955926.813904
-0.137265 -0.251317 263311334673.579529
-0.132457 -0.252382 263859202477.057434
-0.123661 -0.233278 262671676881.646515
-0.134082 -0.252790 264097627287.914764
-0.133309 -0.229787 261768478084.319397
-0.126564 -0.246522 262463415609.621674
-0.134948 -0.242630 260176184555.580383
-0.130106 -0.246850 261463012578.639374
-0.118134 -0.232627 263883886528.604187
-0.128929 -0.251367 262725229906.503815
-0.115637 -0.243282 261474320003.928741
0.137041 0.482481 139441975365.394440
-0.125517 -0.237593 261334054824.078094
-0.121728 -0.254727 263547847547.603516
-0.128738 -0.240585 260883476142.660095
-0.122477 -0.229381 264014776788.622681
-0.138187 -0.248210 260922300663.169830
-0.125964 -0.229216 263046267539.031586
-0.137980 -0.249818 261610635988.609680
-0.124096 -0.252405 262684487408.047119
-0.121659 -0.246916 261666795679.341278
-0.140775 -0.242782 258995883270.638947
0.141361 0.481209 141448260528.247345
0.135952 0.483036 140353826916.839355
-0.133469 -0.229976 260705101775.122314
-0.115562 -0.235939 261904570016.752838
-0.129842 -0.238296 260136208926.845703
-0.118431 -0.232498 262706250500.465607
-0.124318 -0.229398 262833186976.608124
-0.122523 -0.254454 262858403703.414795
-0.123767 -0.252203 261985519362.464874
-0.119739 -0.249137 261602082550.026031
-0.138359 -0.234945 258659204501.638336
-0.120462 -0.232188 262502203980.467346
-0.120172 -0.240738 260361858747.539917
-0.123407 -0.231028 262176846699.384674
-0.121039 -0.230975 262444262949.087494
-0.134011 -0.248064 260510806768.944305
-0.131923 -0.249476 260711534162.341095
-0.133690 -0.241065 258585649527.409912
-0.126119 -0.256429 263844161252.647064
-0.128824 -0.256479 264080175410.272034
-0.116917 -0.243105 260200187343.887482
-0.113467 -0.238662 260355578127.621521
-0.137339 -0.249185 260064647538.742798
-0.116836 -0.247050 260153214265.139069
-0.133767 -0.230267 259909435319.269257
-0.116784 -0.251419 260704268130.522400
-0.130359 -0.229197 260805736022.345428
-0.114281 -0.236949 260409979316.947174
-0.114826 -0.235316 260919650571.566254
-0.121373 -0.245428 260175838511.087158
-0.132417 -0.255329 262682662491.253113
-0.125949 -0.236923 259517842360.291931
-0.136576 -0.231119 257870465863.333466
-0.128536 -0.249635 260476814831.794312
-0.114935 -0.236935 259946195652.110840
-0.123957 -0.234060 260028459033.707275
-0.117556 -0.251404 260416480306.547333
-0.121350 -0.238861 259569456005.989349
-0.137244 -0.250486 259844337943.944885
-0.115250 -0.242626 258994298295.216888
-0.117511 -0.252101 260036577824.506226
0.135099 0.479248 140373128027.108490
-0.124251 -0.248405 260215581975.494537
-0.137910 -0.247572 258361584210.492218
-0.135585 -0.243123 257600523330.430634
-0.133489 -0.234730 258113277604.625061
-0.138712 -0.234524 256571119274.803711
-0.133288 -0.238576 258003545712.001984
-0.115227 -0.249941 259125449233.320831
-0.132197 -0.236128 257715461982.465698
-0.113249 -0.238177 258961628480.051758
-0.119030 -0.230275 260889061270.141205
-0.114701 -0.234919 259806137797.202209
-0.123919 -0.229501 260099632206.291809
-0.118640 -0.253578 259551853946.050201
-0.138606 -0.246751 257750143461.294373
-0.127500 -0.248424 259067865261.338501
-0.124396 -0.256546 261024599253.160095
-0.127781 -0.250233 259460607038.247345
-0.121060 -0.253010 259504647979.810272
-0.119274 -0.238480 258575032172.854919
-0.123585 -0.231122 259422089739.563629
-0.128330 -0.232597 258300091186.484680
-0.137003 -0.236113 256451300836.861847
-0.133107 -0.228345 257952518634.584778
-0.118216 -0.253775 259202013009.472504
-0.126862 -0.248118 258669803509.471588
-0.130166 -0.253851 259205351727.091553
-0.112237 -0.242560 257859506309.644379
-0.121051 -0.244874 257993465037.740784
-0.141670 -0.246179 256376360182.522583
-0.118006 -0.245523 257892331317.295227
-0.131671 -0.254104 259259701615.566711
-0.133859 -0.247240 257712711187.776703
0.098463 0.490542 133284380154.015350
-0.117750 -0.239047 257714764851.094788
-0.136354 -0.244173 256255905477.598511
-0.126180 -0.231744 257685602082.556793
-0.117065 -0.253304 258188799995.865570
-0.132327 -0.230726 257330445282.412140
-0.133894 -0.251554 258139441403.925018
-0.136500 -0.246737 256755451858.970764
-0.113499 -0.244502 257189436876.420624
-0.135181 -0.252078 258331893414.982513
-0.123500 -0.227300 259227073998.347961
-0.120980 -0.228380 259364977055.507599
-0.126031 -0.251876 258546541717.254211
-0.119408 -0.232714 258385853472.276245
-0.126933 -0.229993 257145274211.933228
-0.128501 -0.240964 256996759139.301056
-0.126047 -0.236382 257039188235.886871
-0.132317 -0.237038 256507462581.895752
-0.139629 -0.251768 257427795638.172302
-0.120572 -0.234515 257574905351.089355
-0.117017 -0.231603 258558962367.574402
-0.130596 -0.250122 257550957224.668274
-0.126481 -0.253031 258427681171.860931
-0.116529 -0.236614 257411076807.322388
-0.135254 -0.249977 256825010693.577881
-0.126336 -0.246763 257037153312.813538
-0.138836 -0.239311 254484935773.265381
-0.134345 -0.238635 255377958079.699524
-0.116542 -0.252962 257217171387.738892
-0.117160 -0.237913 256537932949.046844
-0.133881 -0.229583 255799374536.414368
-0.117778 -0.244922 256672232437.603668
-0.113039 -0.236723 256728952593.609070
-0.134842 -0.255318 258205698772.649689
-0.124705 -0.253048 257574737055.171783
-0.115406 -0.240505 256533573067.956787
-0.126751 -0.234266 256228896369.878815
-0.135770 -0.248590 255808987705.342529
-0.121259 -0.248199 256359927926.414124
-0.126313 -0.229532 256547080978.593994
-0.121084 -0.253939 257258597198.711426
-0.115776 -0.239496 256352167675.687012
-0.118830 -0.232687 257081497463.806366
-0.121766 -0.228011 257735902346.669250
-0.123848 -0.256228 257696661899.210297
-0.124206 -0.255702 257678109709.787598
-0.119853 -0.250847 256420791505.241821
-0.121420 -0.250053 256724196580.477600
-0.137827 -0.231661 253879706659.170563
-0.131801 -0.254670 256808972239.689728
-0.118111 -0.229282 257463421733.231842
-0.118441 -0.229033 257312774702.936127
-0.118950 -0.252963 256207924489.978607
-0.127769 -0.255300 257307647938.046051
-0.117710 -0.242953 255560848382.442444
-0.133204 -0.251565 255866734968.091248
-0.116112 -0.252116 255592470539.843109
-0.116785 -0.236299 255813043993.675079
-0.127155 -0.227935 255613749875.215393
-0.128005 -0.226073 255865377985.930786
-0.140653 -0.246459 253886334918.518555
-0.136899 -0.229487 253188968644.601074
-0.125212 -0.247098 255255982693.845215
-0.143017 -0.245486 253093024886.620361
0.150431 0.467399 145009221458.382629
0.104891 0.483391 135303545026.279877
-0.123210 -0.229014 255979815373.387970
-0.130498 -0.239672 254526829515.069153
-0.111601 -0.246898 254441969353.623291
-0.130213 -0.230439 254074809789.123688
-0.124830 -0.248576 255261914412.841827
-0.120400 -0.253399 255693474355.480927
-0.127794 -0.226277 255224059147.985321
-0.138100 -0.246801 253748157312.746887
-0.129470 -0.244571 254774222313.303894
-0.110917 -0.243184 253926232242.944214
-0.120835 -0.245872 254613277448.976257
-0.133546 -0.248243 254599792474.548645
-0.136598 -0.242353 252876735309.778534
-0.140972 -0.241735 252691741043.056549
-0.130039 -0.248609 255091109346.007782
-0.119554 -0.241582 254556523862.420502
-0.113134 -0.235430 254646900660.018677
-0.111631 -0.247117 253861925935.540680
-0.121210 -0.247571 254575949093.822693
-0.119422 -0.254157 255118271147.759247
-0.130450 -0.226245 253965114061.044708
-0.121593 -0.226911 255427136339.553680
-0.120112 -0.239476 254423396576.553558
-0.119770 -0.227594 255317338458.834351
0.127607 0.473470 140573480673.600311
0.084462 0.487909 132338276301.624954
-0.119327 -0.246333 253924023991.200806
-0.125186 -0.246877 254229818095.481873
-0.125645 -0.250185 254524150508.179047
-0.127863 -0.231466 253823381178.632721
-0.143344 -0.245845 251892138552.881378
-0.125517 -0.226930 254089292904.523468
-0.131456 -0.243660 252757886709.319183
-0.136902 -0.247209 252950377778.080688
-0.114126 -0.237564 253574926285.783020
-0.136994 -0.255432 254288725456.659912
-0.114435 -0.247478 253278142874.331909
-0.122788 -0.258415 254831209237.048676
0.112109 0.478275 137925014331.369415
-0.138830 -0.237198 251371612048.765045
-0.138363 -0.243176 251923852138.912689
-0.131319 -0.242597 252421628580.156281
-0.126797 -0.248601 253521122699.107727
-0.132859 -0.256987 253951966614.791565
-0.129641 -0.245337 252972792626.217255
0.078880 0.487643 131528380913.960648
-0.136551 -0.243469 251801133508.144073
-0.130882 -0.227116 253067950894.855621
-0.131262 -0.228122 253028973223.368469
-0.142640 -0.250169 251833450141.738617
-0.118441 -0.233105 253694666265.501587
-0.124280 -0.256260 254289767160.525360
-0.110633 -0.238892 252396602515.179932
-0.114014 -0.251873 252776464689.388306
-0.132132 -0.228418 251970104864.349762
-0.136920 -0.249904 252230132314.090302
-0.117246 -0.239617 253106038311.364899
-0.111224 -0.235912 252884484831.867096
-0.123867 -0.247621 253192871454.702301
-0.122415 -0.229174 253254324780.231689
-0.144517 -0.243735 249915707430.241241
-0.139853 -0.246471 251231062223.560883
-0.110371 -0.246217 251719732197.843994
-0.134445 -0.231175 251351111432.795471
-0.131045 -0.248888 253066980607.764130
-0.133236 -0.238929 252032283254.757355
0.086577 0.482398 132570199928.204758
-0.118759 -0.252629 252596152050.407532
-0.140899 -0.248590 250713534611.510956
-0.112378 -0.237624 252058452447.370850
-0.126593 -0.247687 252688440790.370514
-0.126003 -0.236038 252185448512.384918
-0.130460 -0.228088 251865409643.247101
-0.125396 -0.226910 252224481867.039215
-0.110043 -0.245195 251291067826.889618
-0.114495 -0.235890 252245217876.461945
-0.134094 -0.241499 251456712637.481934
-0.144197 -0.245010 249750184146.249329
-0.112971 -0.241709 251405710713.302765
-0.119250 -0.235008 251805713600.256500
-0.137555 -0.252432 250930534057.944275
-0.132552 -0.234469 250603562982.019836
-0.133310 -0.230174 251070614058.136780
-0.137175 -0.237038 250322744991.935638
0.081964 0.482741 132758747790.701691
-0.115790 -0.255439 251549411493.270935
-0.120933 -0.251022 251922680857.478363
-0.132251 -0.231207 250836200550.125458
-0.130257 -0.245414 251638036058.275757
-0.110408 -0.237163 251316280924.950073
-0.118485 -0.242663 251413242675.209412
-0.145168 -0.244517 248806127545.166107
-0.140743 -0.241678 249285256915.697266
-0.139300 -0.237714 249393845363.806610
0.156010 0.456638 148823483367.789032
-0.123237 -0.230495 251258063444.131165
-0.127963 -0.248793 251707789234.657654
-0.121757 -0.225021 251834965671.039276
-0.140703 -0.248346 249128564505.118011
-0.136364 -0.249426 250174439994.358551
-0.121209 -0.248475 250896346543.351410
-0.116393 -0.254254 250802096559.817566
-0.125109 -0.238593 250852519981.459015
-0.120762 -0.235033 250807419816.072479
-0.109205 -0.242583 249607702179.679077
-0.118067 -0.248603 250743160092.526581
-0.139258 -0.255028 250267626693.044708
-0.136392 -0.247051 249838105537.727661
-0.137543 -0.246908 249549395408.015320
-0.131521 -0.244889 250293103746.823242
-0.129083 -0.240987 249634711814.127838
-0.120166 -0.241584 250484357557.586548
-0.120704 -0.234533 250456917811.686462
-0.114687 -0.254825 250103786338.418884
0.154358 0.454549 148859092810.309296
-0.142893 -0.248393 248318879830.805634
-0.121357 -0.239681 250400893224.822784
0.078187 0.480077 132857725921.948654
-0.127840 -0.243946 249842489440.778473
-0.132097 -0.243329 249202088464.847565
0.082336 0.478642 133780496542.884094
-0.140955 -0.242649 248006579322.469208
-0.136561 -0.228204 248605482429.407776
-0.138743 -0.252418 249439843698.977051
-0.133039 -0.246967 249411963727.397552
0.065863 0.482238 130615302196.609772
-0.113249 -0.254196 249607015037.267242
-0.122496 -0.257305 250547434396.054657
0.124832 0.463153 142715244998.732605
-0.135551 -0.258529 250068982891.796448
-0.115719 -0.232761 249975311959.479065
0.114348 0.465898 140505352551.449432
-0.138807 -0.237274 247716697007.783203
-0.134619 -0.251102 249500087871.861572
-0.139256 -0.252727 248408051549.053253
-0.135857 -0.238351 248748954857.509094
-0.139619 -0.229220 247332076562.221008
-0.146278 -0.240100 246172237318.695618
-0.134065 -0.233221 247965157061.506989
0.123171 0.458689 141276600718.768188
-0.132695 -0.256316 249432591108.937805
-0.123940 -0.240523 248854289545.583740
-0.112860 -0.244688 248829307782.036102
0.082824 0.474235 134510474684.252335
-0.128186 -0.232328 248950300629.166870
-0.130895 -0.224392 248387946552.118744
0.141560 0.453999 147079844806.671722
-0.110131 -0.243971 248038563384.942352
-0.114711 -0.248887 248744557951.323456
0.129030 0.458460 144350009051.940521
-0.135795 -0.235272 247567512500.259460
-0.122846 -0.235122 248908632774.004883
-0.119016 -0.236328 249041343280.113647
-0.115393 -0.229825 249381184824.481018
-0.123721 -0.238165 248980846570.651184
0.096505 0.468169 137929161735.404114
-0.144389 -0.233954 245412151190.912476
-0.108332 -0.246043 247849800819.847015
-0.121504 -0.233474 248483561194.516785
0.116222 0.460797 141981762006.985443
-0.117876 -0.227142 248923651130.021667
-0.124245 -0.254990 249075856301.584961
-0.143548 -0.232379 245367852012.862427
-0.142556 -0.236043 245700421289.563385
-0.107912 -0.240133 247577059829.605103
-0.113124 -0.239515 248257408946.699524
-0.119656 -0.248307 248215088362.072784
-0.121052 -0.231962 248609812599.041382
0.096332 0.465078 138415479449.109344
0.100225 0.463536 139269999083.525940
0.115004 0.458426 142293415264.270142
-0.139619 -0.251951 247215984229.011414
0.059874 0.474505 131129139401.820053
-0.127146 -0.238561 248044375809.001068
0.149768 0.443654 149596153467.626709
0.140135 0.447687 147462668242.794769
-0.136407 -0.234949 246895669914.954224
0.152703 0.442049 151221159194.940613
-0.109219 -0.248237 247305570818.625610
0.140152 0.446226 148190709433.136292
0.138007 0.447193 148019536953.069611
-0.144855 -0.235516 244769716272.270813
0.039481 0.476963 127436011699.039368
0.096845 0.460591 138723345759.635498
-0.138463 -0.242759 246686412944.857330
-0.137586 -0.242994 245974055371.940186
-0.136403 -0.254200 247291877339.423187
0.122220 0.452244 144500342161.669037
0.134641 0.446975 146883213299.040405
-0.124532 -0.249614 247319773421.073090
-0.135634 -0.226544 245773105592.100098
-0.132266 -0.239135 246502856024.910248
0.070761 0.467288 134246571982.144699
-0.140037 -0.245676 246060169799.657654
-0.114553 -0.245895 247112181121.329926
-0.139047 -0.228172 245273570341.405426
-0.115588 -0.226194 247602533808.676605
-0.112108 -0.253577 246559709832.809357
0.133287 0.445700 147333900997.799500
-0.141661 -0.251503 245623107019.129486
-0.130728 -0.225736 246321838572.462250
-0.113019 -0.251609 246617249619.970581
-0.117513 -0.228417 247123391287.181976
-0.117970 -0.255810 246841546329.606201
-0.120773 -0.258660 246892675593.466827
-0.142983 -0.229173 243934944613.899719
-0.134894 -0.247740 246520067513.563110
-0.139243 -0.249686 245650749779.091339
0.100018 0.455737 140692617526.245422
0.095135 0.457418 139921691402.199188
-0.122133 -0.256827 246495371280.532166
-0.138538 -0.259492 246617088948.236511
-0.125723 -0.249484 246348243099.249146
0.108971 0.451506 142810565226.384216
-0.109163 -0.234306 246228584105.307434
-0.142033 -0.256465 245799153875.887482
-0.112326 -0.246027 245970500879.500000
0.126069 0.444172 146825157167.043213
0.056217 0.465952 132170717760.136230
0.135817 0.439942 149178218491.656982
-0.123672 -0.234366 246302376716.482697
-0.119156 -0.237244 246392184936.080902
-0.116346 -0.252451 245970217724.036102
-0.128963 -0.237322 245682430203.137909
-0.133619 -0.236187 245038222591.886047
0.110813 0.447519 144011339695.281891
-0.126735 -0.245592 246450456994.190765
0.068004 0.460461 135016718982.551483
0.112989 0.445684 144585728530.846497
0.094765 0.450893 140961504807.703583
0.080183 0.455194 138139481122.070282
-0.132461 -0.225070 244698178600.460175
-0.113760 -0.236800 245648847880.862213
-0.110811 -0.241604 245355292920.299316
-0.146564 -0.234147 242296896614.537140
0.066315 0.456108 134653153541.035019
-0.116216 -0.257898 245240054454.707825
0.072278 0.455553 136909635046.010178
-0.128414 -0.241583 246189105368.409760
-0.145035 -0.237017 242339737487.807922
0.155820 0.424801 155017939707.984467
-0.139950 -0.246319 243908409151.829071
0.088214 0.447531 139729051915.367249
-0.119761 -0.233895 245415789292.262939
-0.108195 -0.233062 245101581066.699219
0.139501 0.430409 151646874241.854462
-0.129627 -0.251979 245239822222.954132
-0.122237 -0.243759 245539255457.655273
0.062309 0.455662 134794521318.386108
-0.134753 -0.243243 244578687251.550262
-0.127640 -0.254819 244939773733.734924
-0.129218 -0.241221 244364271356.902313
-0.114988 -0.240342 244524926148.362885
-0.140530 -0.238781 242680660719.729523
-0.105937 -0.239925 243816654235.479889
-0.135109 -0.231557 243383725925.030670
-0.137024 -0.249389 243787169446.844635
-0.136164 -0.245297 244115865245.074738
-0.107457 -0.241370 243957777860.371246
0.083689 0.445427 140710352442.812012
-0.141141 -0.237776 242534332101.741455
-0.121324 -0.245358 244936625505.684601
-0.120582 -0.222739 245022720405.870789
0.082175 0.445002 140626497212.358337
-0.126851 -0.246727 244131268045.110901
-0.111453 -0.251057 243545783446.379517
0.158893 0.415173 158201205855.990204
-0.130549 -0.251707 244041358337.259430
0.115413 0.430540 147324282504.328217
0.090926 0.439079 142299513001.622742
0.052192 0.450278 134632419058.581573
-0.115269 -0.226064 244767567007.023621
0.104827 0.433342 145577700137.888275
-0.113157 -0.246969 243430598835.993195
0.116206 0.428430 148335940908.636414
-0.125194 -0.232963 243722520033.334686
0.097590 0.432795 144294236877.827423
-0.127245 -0.246133 243462087354.721893
-0.127276 -0.254649 243818029432.773376
-0.149301 -0.238888 240519258417.802246
0.119889 0.423832 149746783255.131592
0.120085 0.424025 149962069413.602295
-0.126936 -0.264389 244693453646.246948
-0.146121 -0.254099 242265694421.045532
0.078881 0.435085 140627752978.068909
-0.112587 -0.245183 243190941947.051849
-0.106075 -0.249064 242501611627.931549
0.135787 0.414861 153884139526.703369
-0.138333 -0.243508 242471724331.882202
0.036841 0.445493 133059719208.366501
0.094060 0.428565 145245626519.974335
-0.134463 -0.225933 242027885586.073120
-0.139455 -0.243013 241573001908.983887
0.056625 0.437880 136961784743.239578
0.084811 0.430318 144033114221.746857
0.106394 0.421512 147864626072.532562
-0.112594 -0.253656 242634001914.907257
0.053836 0.437658 137185382419.328232
-0.113032 -0.235859 242812188399.207458
-0.119446 -0.227944 243102462807.549408
-0.140529 -0.243159 241252622249.812805
0.075833 0.430723 141953506281.625092
-0.127999 -0.233014 243199689070.805786
-0.136024 -0.251744 242139116689.427521
0.051912 0.436743 137127865732.308578
-0.129006 -0.264484 243758742951.106415
-0.133205 -0.243148 242100597094.972870
-0.145023 -0.229367 239656814380.769348
0.064788 0.431938 140320472072.323914
-0.111337 -0.225990 243988344766.879517
-0.134539 -0.223493 241107189446.346924
-0.119804 -0.238331 242734952931.763123
-0.124792 -0.262488 242830634339.130524
-0.112655 -0.240708 242573842042.902588
0.128460 0.407167 154591525134.785675
0.030251 0.437709 133693236825.398392
-0.126486 -0.255314 242399532152.331573
-0.107361 -0.231532 242332385476.009918
-0.126810 -0.251141 242401789525.836304
-0.117344 -0.246122 242012155926.646362
-0.109276 -0.236174 241875363866.458130
-0.135890 -0.239084 241850111325.890137
0.138902 0.400880 158017690191.207062
-0.124295 -0.247676 242283182215.514343
0.110356 0.410938 151502051907.646515
-0.118128 -0.225411 242197354185.552368
0.123986 0.404596 154557681345.432526
-0.133089 -0.229413 241214709981.273926
0.111365 0.407845 152323188298.921234
0.089527 0.413803 146665107936.017456
0.121497 0.402716 154236273441.395721
0.054685 0.424289 140149802249.661407
-0.123469 -0.258323 241620670187.917023
0.128659 0.398631 156830173955.538391
-0.130014 -0.245015 241733981606.293579
0.104023 0.407425 151437549310.565186
-0.124175 -0.246897 241808188672.563019
-0.126383 -0.241944 242154449862.503418
-0.132016 -0.240146 240897205502.480072
-0.112948 -0.246573 241306082679.596893
-0.131276 -0.248926 241063997112.185059
0.100057 0.406504 150446691256.332031
-0.124588 -0.250599 241475055890.823181
-0.134125 -0.247825 241318876651.642365
0.136363 0.390135 159181067717.049225
0.034290 0.423165 137211415376.597214
-0.129555 -0.250829 240841669211.937012
-0.130544 -0.251757 241341562198.094971
-0.137285 -0.247307 240666073470.905518
-0.118412 -0.250246 240826584418.719482
0.065995 0.410852 144834738767.915741
-0.108104 -0.255656 240399191209.102448
0.131728 0.385697 159386028803.784393
0.068131 0.407610 145940873429.800354
-0.124318 -0.261972 241193094544.505707
-0.123716 -0.250667 240795995985.444031
0.044949 0.411647 141145507146.283325
-0.146813 -0.231192 237693220836.807953
-0.142654 -0.260287 241072933920.698120
-0.129142 -0.235585 241034091468.987122
-0.116692 -0.238192 240930157679.809265
-0.147693 -0.239083 237667597153.112640
-0.115195 -0.244734 240617425156.153137
0.100214 0.386579 154071547903.172333
-0.110636 -0.256830 239769948603.725006
-0.133040 -0.265614 241890083206.612305
0.104294 0.383288 155867974190.234924
0.064118 0.395014 147063664972.441406
0.073535 0.391321 149715197870.929199
0.109123 0.376995 158940027202.368713
0.090631 0.382672 153937919433.123505
-0.146098 -0.235993 237779931746.541779
0.075422 0.385332 150976005459.380219
0.103603 0.374940 158604263047.059082
-0.133932 -0.265362 241467707053.685577
0.111770 0.369399 160777111748.245422
0.078622 0.380602 153236078868.083038
0.092602 0.374829 156813595912.513184
0.100001 0.369442 158954179520.291901
-0.131156 -0.250858 239447216179.340424
0.096406 0.362810 159725140290.744934
0.057502 0.192121 201224520781.420197
-0.128787 -0.235713 240138042649.723389
-0.145402 -0.241985 237515613769.478790
0.045086 0.180803 200657119846.235504
-0.130289 -0.241971 239084540726.154297
-0.110515 -0.249103 239292851852.488312
-0.107151 -0.259824 214717495193.651184
-0.154129 -0.230689 212875142850.118469
-0.141636 -0.237920 215217888739.221222
-0.168680 -0.255498 218423480898.406494
-0.129887 -0.219375 238547771227.989044
-0.135059 -0.225634 237697395480.021301
-0.155392 -0.262243 222661955717.548126
-0.107592 -0.276083 225143274928.172668
-0.141863 -0.242254 220631368491.744263
-0.108436 -0.277627 226612074361.218597
-0.138711 -0.230271 237863106837.195343
-0.161420 -0.246144 222746441702.621643
-0.146982 -0.251465 224017374808.461426
-0.146774 -0.229254 235670828762.589325
-0.122432 -0.246837 239123827933.685547
-0.160470 -0.240764 223504007342.591492
-0.121335 -0.255554 226645611544.731750
-0.146216 -0.245870 237353474925.520660
-0.154004 -0.222692 224087582432.393951
-0.132067 -0.236581 238947576298.304932
-0.148844 -0.244120 227010594941.651794
-0.148738 -0.261165 230232326243.108856
-0.102405 -0.244324 229140859532.632294
-0.132201 -0.267732 232963519174.313019
-0.129214 -0.264202 232045972121.575684
-0.145497 -0.216618 228196611752.763916
-0.136543 -0.249486 238034453218.325104
-0.140771 -0.223588 229820577291.687103
-0.122109 -0.234067 231961727050.201935
-0.136696 -0.259981 232725723698.907440
-0.153907 -0.228175 228945507122.640045
-0.123057 -0.238321 232803592058.296539
-0.114817 -0.268255 234680467820.278320
-0.122969 -0.259143 233657659880.505981
-0.137965 -0.224369 236439817010.728241
-0.128817 -0.252276 237797557111.943848
-0.144994 -0.257944 234064907572.763885
-0.144030 -0.261166 235233933112.545532
-0.115105 -0.236338 238060886382.102661
-0.153843 -0.249361 232506716566.641052
-0.148397 -0.227019 234485160253.635620
-0.151760 -0.246932 232987614065.044037
-0.125185 -0.264829 236334361723.392303
-0.134943 -0.251158 234997994539.982574
-0.114728 -0.243380 235505944489.851593
-0.138867 -0.222314 234004457654.538361
-0.147100 -0.260199 236711772429.254181
-0.126214 -0.242795 237409672609.809814
-0.137413 -0.266961 238914095326.113007
-0.148016 -0.239677 235238250403.977722
-0.126897 -0.256028 237157335716.540802
-0.132173 -0.234832 237143206370.943268
-0.150453 -0.238128 234315165023.901703
