# r    rho   mr   sigmar  sigmat  sigmap vr vt vp beta
0.812499    2548666.500000    103451032.000000   9.425817   9.963595   9.729269   -0.378996   -0.575533   -1.082404   -4.231334  
1.692705    1291720.250000    111024096.000000   7.263391   7.729108   13.572481   -0.535583   -1.596142   -2.938224   -18.489044  
1.833762    919216.875000    119597376.000000   6.664893   14.042075   9.136698   1.538284   2.038636   -0.075073   0.120643  
1.986573    684939.312500    126456000.000000   14.915214   7.229695   9.126352   -0.346208   1.311110   -1.935742   -21.802031  
2.152118    718300.250000    131742856.000000   9.509991   10.178706   7.757866   0.367565   -0.449157   -0.039809   0.247521  
2.331458    368796.187500    138601728.000000   12.463617   9.902959   10.292776   -2.763494   0.362814   -0.529993   0.972991  
2.525743    370301.281250    144746256.000000   10.476389   12.979438   12.178384   -2.151208   -1.570939   2.081468   0.265254  
2.736219    266982.000000    148890240.000000   24.713612   12.321518   13.525884   -1.592444   0.100422   -1.247959   0.690938  
2.964233    167991.328125    154034496.000000   21.911402   17.890326   14.900880   0.541249   -1.300189   -0.560658   -2.421785  
3.211249    102100.679688    158892960.000000   20.124378   21.493322   8.008364   -3.961493   -1.506579   -3.647370   0.503834  
3.478849    111010.062500    163751424.000000   22.741161   14.893702   21.320322   -5.185505   -1.899374   0.293065   0.931320  
3.768749    65020.183594    170038848.000000   20.293318   14.439432   20.084917   0.027453   2.099247   -2.112446   -5883.276855  
4.082806    48218.039062    175897584.000000   21.658131   20.182203   22.198534   1.340804   1.054296   1.626867   -0.045258  
4.423035    40223.390625    183471072.000000   22.237984   15.115445   17.204243   -2.719093   2.328419   -0.592958   0.609579  
4.791615    31636.873047    193473792.000000   22.914135   15.617132   22.355406   1.789155   3.287479   1.166624   -0.900694  
5.190910    28438.130859    201761760.000000   30.590481   20.658819   26.838739   -2.124752   1.190154   -4.323505   -1.227141  
5.623479    24604.187500    212050272.000000   26.065407   21.779779   31.254076   7.995044   0.309244   -2.609458   0.945989  
6.092095    21990.822266    224910912.000000   23.752821   23.335382   27.564362   6.346497   1.028160   1.350131   0.964249  
6.599762    22485.384766    237485760.000000   21.387728   22.393597   33.969891   8.193761   -1.262173   1.499743   0.971385  
7.149734    15780.855469    254204592.000000   21.354387   23.497618   31.393728   10.588817   -1.560953   -1.630821   0.977274  
7.745535    13696.120117    272780576.000000   19.779499   21.477354   28.386272   15.176855   -1.804233   -2.415701   0.980266  
8.390986    13128.884766    293783936.000000   23.566156   22.104733   35.138084   13.796572   7.238585   -4.385201   0.811850  
9.090224    12444.444336    317359136.000000   22.927364   23.202560   36.007065   12.256953   -3.526890   -7.121757   0.789798  
9.847731    11037.458008    346363776.000000   21.162893   22.147987   35.035435   17.193989   0.016808   -0.483802   0.999604  
10.668363    9500.267578    381369376.000000   23.796686   26.331778   34.840542   19.412653   -1.010577   -0.583347   0.998194  
11.557379    8760.577148    420947136.000000   22.167078   24.743055   36.186893   22.610617   -0.417736   4.420678   0.980717  
12.520479    7903.747559    465811456.000000   24.721222   27.574039   36.508400   20.680090   1.174804   -0.861626   0.997518  
13.563836    7770.673828    512390336.000000   24.335159   26.606548   39.832932   23.647203   -0.294195   6.156499   0.966032  
14.694138    7647.661133    561403648.000000   24.974407   29.745117   40.962418   22.285528   -0.975173   2.919715   0.990460  
15.918631    5768.608398    607564224.000000   26.417097   31.726042   41.443581   25.402706   -0.261771   6.802537   0.964092  
17.245163    6010.790527    659727104.000000   24.206100   32.753353   42.466774   24.701250   -0.506455   10.023006   0.917466  
18.682238    4864.909668    711032512.000000   24.702860   32.011036   47.162189   24.029240   -0.220533   3.430885   0.989765  
20.239067    4198.270508    762052096.000000   22.672745   34.342007   46.505886   22.758253   -1.008652   9.776403   0.906750  
21.925629    3066.180908    811785472.000000   23.213661   34.626835   50.272324   26.507370   0.802171   14.619769   0.847446  
23.752735    2567.469971    859518080.000000   24.535122   34.600571   49.539593   22.734131   -0.940722   10.323465   0.896043  
25.732100    2130.294678    910966400.000000   25.621634   34.364132   52.206871   19.660299   -0.087655   10.000958   0.870608  
27.876408    1693.891113    966987904.000000   23.852489   33.824394   51.005341   18.933790   -1.383842   15.534679   0.660740  
30.199406    1288.979126    1019436608.000000   26.221529   33.498383   49.493912   18.033113   1.136608   6.415703   0.934726  
32.715984    908.745605    1073314432.000000   24.636335   32.023766   49.662182   14.615413   0.433540   4.443525   0.953343  
35.442276    806.329834    1129596672.000000   27.415705   33.174091   46.695683   9.486469   -0.867277   11.757131   0.227817  
38.395752    657.042236    1184593152.000000   27.062616   31.737576   47.613876   10.407622   1.968007   3.976803   0.909120  
41.595345    534.746826    1261445376.000000   27.656231   31.741486   47.054802   10.521387   -3.282444   1.341471   0.943207  
45.061573    381.467560    1351725312.000000   29.806061   31.173891   45.803722   9.799125   0.188991   5.716206   0.829672  
48.816647    329.955292    1475145984.000000   35.985355   31.040987   44.122482   9.152423   -1.642257   -0.163664   0.983742  
52.884636    258.847839    1630707456.000000   38.053516   31.280027   41.847389   11.165397   -0.882697   -3.872495   0.936729  
